---------------------------------------
N = 200
Experimento A: 
n = 200 y seed = 11

[44 33 11 37 49 52 31 3 40 29 36 17 15 34 43 5 10 50 35 41 42 7 29 51 41 28 42 3 43 24 23 1 12 50 23 9 18 51 25 29 25 10 31 6 1 50 20 48 31 14 47 13 45 6 23 24 45 9 37 11 29 6 0 44 33 48 35 34 21 50 38 36 29 44 7 14 21 32 50 38 52 31 6 38 14 5 17 31 30 43 13 0 15 22 11 34 1 12 47 25 24 49 32 9 14 25 2 22 7 48 27 28 20 29 18 29 17 4 30 4 34 24 8 8 35 4 41 24 22 29 6 50 27 48 45 35 18 6 31 30 46 30 38 18 41 46 30 1 20 3 24 30 19 24 37 16 21 20 18 14 43 27 18 22 30 28 39 42 3 40 26 38 32 46 15 27 9 10 42 26 23 2 18 37 23 5 32 24 7 36 48 4 11 44 49 13 52 27 33 15]

Experimento B: 
Set de entrada:
[0 0 0 0 0 0 0 0 0 0 0 0 0 0 0 0 0 0 0 0 0 0 0 0 0 0 0 0 0 0 0 0 0 0 0 0 0 0 0 0 0 0 0 0 0 0 0 0 0 0 0 0 0 0]
Set de resultado:
[2 4 2 4 4 3 6 4 2 4 3 4 2 3 5 4 1 3 7 1 4 3 4 5 8 4 2 5 3 8 7 6 4 3 4 4 3 4 5 1 2 4 4 4 4 3 3 2 5 3 6 2 3 0]

Experimento C: 
Set de entrada:
[]
Set de resultado:
[1 3 5 7 9 11 13 15 17 19 21 23 25 27 29 31 33 35 37 39 41 43 20 45 40 47 42 16 30 49 51 53 55 36 52 57 59 46 61 20 62 34 14 63 54 36 65 67 14 69 71 73 75 64 52 50 76 58 8 6 20 64 77 2 4 68 38 28 79 36 81 22 20 2 44 70 80 83 36 82 12 14 64 82 70 32 24 14 85 30 74 78 26 87 6 28 54 56 72 62 50 10 84 58 70 62 89 88 44 68 91 48 66 20 60 20 24 93 86 94 28 50 95 96 38 94 40 50 88 20 64 36 92 68 76 38 60 64 14 86 97 86 82 60 40 98 86 54 66 16 50 86 99 50 8 101 80 66 60 70 30 92 60 88 86 48 103 42 16 18 105 82 84 98 26 92 58 34 42 106 52 90 60 8 52 32 84 50 44 22 68 94 6 2 10 74 12 92 4 26]

Experimento D: 
Set de entrada:
[0 0 0 0 0 0 0 0 0 0 0 0 0 0 0 0 0 0 0 0 0 0 0 0 0 0 0 0 0 0 0 0 0 0 0 0 0 0 0 0 0 0 0 0 0 0 0 0 0 0 0 0 0 0 0 0 0 0 0 0 0 0 0 0 0 0 0 0 0 0 0 0 0 0 0 0 0 0 0 0 0 0 0 0 0 0 0 0 0 0 0 0 0 0 0 0 0 0 0 0 0 0 0 0 0 0 0 0 0 0 0 0 0 0 0 0 0 0 0 0 0 0 0 0 0 0 0 0 0 0 0 0 0 0 0 0 0 0 0 0 0 0 0 0 0 0 0 0 0 0 0 0 0 0 0 0 0 0 0 0 0 0 0 0 0 0 0 0 0 0 0 0 0 0 0 0 0 0 0 0 0 0 0 0 0 0 0 0 0 0 0 0 0 0 0 0 0 0 0 0]
Set de resultado:
[0 0 1 1 1 1 2 2 3 3 3 3 4 4 4 4 5 5 5 6 6 6 6 6 6 7 7 7 7 8 8 9 9 9 9 10 10 10 11 11 11 11 12 12 13 13 13 14 14 14 14 14 15 15 15 15 16 17 17 17 18 18 18 18 18 18 18 19 20 20 20 20 21 21 21 22 22 22 22 23 23 23 23 23 24 24 24 24 24 24 24 24 25 25 25 25 26 26 27 27 27 27 27 28 28 28 29 29 29 29 29 29 29 29 30 30 30 30 30 30 30 31 31 31 31 31 31 32 32 32 32 33 33 33 34 34 34 34 35 35 35 35 36 36 36 37 37 37 37 38 38 38 38 38 39 40 40 41 41 41 41 42 42 42 42 43 43 43 43 44 44 44 44 45 45 45 46 46 46 47 47 48 48 48 48 48 49 49 49 50 50 50 50 50 50 51 51 52 52 52]

Experimento E: 
Set de entrada:
[0 0 0 0 0 0 0 0 0 0 0 0 0 0 0 0 0 0 0 0 0 0 0 0 0 0 0 0 0 0 0 0 0 0 0 0 0 0 0 0 0 0 0 0 0 0 0 0 0 0 0 0 0 0 0 0 0 0 0 0 0 0 0 0 0 0 0 0 0 0 0 0 0 0 0 0 0 0 0 0 0 0 0 0 0 0 0 0 0 0 0 0 0 0 0 0 0 0 0 0 0 0 0 0 0 0 0 0 0 0 0 0 0 0 0 0 0 0 0 0 0 0 0 0 0 0 0 0 0 0 0 0 0 0 0 0 0 0 0 0 0 0 0 0 0 0 0 0 0 0 0 0 0 0 0 0 0 0 0 0 0 0 0 0 0 0 0 0 0 0 0 0 0 0 0 0 0 0 0 0 0 0 0 0 0 0 0 0 0 0 0 0 0 0 0 0 0 0 0 0]
Set de resultado:
[0 0 1 1 1 1 2 2 3 3 3 3 4 4 4 4 5 5 5 6 6 6 6 6 6 7 7 7 7 8 8 9 9 9 9 10 10 10 11 11 11 11 12 12 13 13 13 14 14 14 14 14 15 15 15 15 16 17 17 17 18 18 18 18 18 18 18 19 20 20 20 20 21 21 21 22 22 22 22 23 23 23 23 23 24 24 24 24 24 24 24 24 25 25 25 25 26 26 27 27 27 27 27 28 28 28 29 29 29 29 29 29 29 29 30 30 30 30 30 30 30 31 31 31 31 31 31 32 32 32 32 33 33 33 34 34 34 34 35 35 35 35 36 36 36 37 37 37 37 38 38 38 38 38 39 40 40 41 41 41 41 42 42 42 42 43 43 43 43 44 44 44 44 45 45 45 46 46 46 47 47 48 48 48 48 48 49 49 49 50 50 50 50 50 50 51 51 52 52 52]

Experimento F: 
Set de entrada:
[44 33 11 37 49 52 31 3 40 29 36 17 15 34 43 5 10 50 35 41 42 7 29 51 41 28 42 3 43 24 23 1 12 50 23 9 18 51 25 29 25 10 31 6 1 50 20 48 31 14 47 13 45 6 23 24 45 9 37 11 29 6 0 44 33 48 35 34 21 50 38 36 29 44 7 14 21 32 50 38 52 31 6 38 14 5 17 31 30 43 13 0 15 22 11 34 1 12 47 25 24 49 32 9 14 25 2 22 7 48 27 28 20 29 18 29 17 4 30 4 34 24 8 8 35 4 41 24 22 29 6 50 27 48 45 35 18 6 31 30 46 30 38 18 41 46 30 1 20 3 24 30 19 24 37 16 21 20 18 14 43 27 18 22 30 28 39 42 3 40 26 38 32 46 15 27 9 10 42 26 23 2 18 37 23 5 32 24 7 36 48 4 11 44 49 13 52 27 33 15]
Set de resultado:
[44, [33, [11, [3, [1, [0, [], []], [2, [], []]], [5, [4, [], []], [10, [7, [6, [], []], [9, [8, [], []], []]], []]]], [31, [29, [17, [15, [12, [], [14, [13, [], []], []]], [16, [], []]], [28, [24, [23, [18, [], [20, [19, [], []], [21, [], [22, [], []]]]], []], [25, [], [27, [26, [], []], []]]], []]], [30, [], []]], [32, [], []]]], [37, [36, [34, [], [35, [], []]], []], [40, [38, [], [39, [], []]], [43, [41, [], [42, [], []]], []]]]], [49, [48, [47, [45, [], [46, [], []]], []], []], [52, [50, [], [51, [], []]], []]]]

Comparaciones: 
[1 4 7 6 3 5 9 10 8 12 9 15 18 12 10 12 14 8 14 13 15 17 14 10 15 17 17 12 12 20 23 13 21 10 25 19 26 12 22 14 24 16 11 20 15 10 28 6 11 23 9 26 12 22 25 22 14 21 8 9 14 22 16 3 6 8 16 14 30 10 11 11 14 3 19 25 32 11 10 13 7 11 22 13 25 14 17 11 14 12 28 18 20 32 9 14 15 23 11 24 22 5 13 21 25 24 15 34 19 8 24 19 30 14 28 14 17 15 16 17 14 22 22 24 16 17 15 22 34 14 22 10 26 8 14 16 28 22 11 16 14 16 13 28 15 16 16 15 30 12 22 16 31 22 8 20 32 30 28 25 12 26 28 34 16 19 13 17 12 10 27 13 13 16 20 26 21 16 17 29 25 17 28 8 25 14 13 22 19 11 8 17 9 3 5 28 7 26 6 20]

Experimento G: 
Set de resultado:
[31, [15, [7, [3, [1, [0, [], []], [2, [], []]], [5, [4, [], []], [6, [], []]]], [11, [9, [8, [], []], [10, [], []]], [13, [12, [], []], [14, [], []]]]], [23, [19, [17, [16, [], []], [18, [], []]], [21, [20, [], []], [22, [], []]]], [27, [25, [24, [], []], [26, [], []]], [29, [28, [], []], [30, [], []]]]]], [47, [39, [35, [33, [32, [], []], [34, [], []]], [37, [36, [], []], [38, [], []]]], [43, [41, [40, [], []], [42, [], []]], [45, [44, [], []], [46, [], []]]]], [51, [49, [48, [], []], [50, [], []]], [52, [], []]]]]

Experimento I: Semilla = 17 
[TS] Set X:
[41 13 34 27 8 17 4 5 49 45 39 43 44 24 11 19 28 1 40 20 51 37 3 32 16 30 7 9 52 25 48 26 33 29 21 23 50 12 10 6 2 15 22 31 36 47 18 0 35 46 42 14 38]

[TS] Set Y:
[7480 14208 5236 17204 17952 4560 17954 6112 1880 13984 19344 5580 370 9450 1164 19200 9264 10152 3294 12540 8464 1488 3040 15624 19584 15910 8360 11194 2232 11780 12648 20140 768 3840 15200 9724 6660 10864 6494 12224 17010 4992 16632 2688 4136 13536 11340 15054 6992 18130 7770 13440 15088]

[TOS] Set X:
[43 51 42 18 45 4 20 30 12 8 10 26 34 2 31 38 48 17 23 33 49 14 25 16 40 36 19 46 9 1 7 15 47 6 39 28 24 27 3 44 35 32 22 13 21 0 11 29 41 5 50 52 37]

[TOS] Set Y:
[2976 3312 3330 3402 3312 3056 3040 3330 3492 3366 3438 3420 2992 3024 3456 3312 2976 3420 3366 3072 3384 3456 3420 3072 3294 3384 3456 3330 3088 3384 3040 3456 3384 3438 3348 3088 3024 3366 3420 3330 3312 3348 3024 3456 3420 3088 3492 3072 3366 3438 3330 3348 3348]

[TOQ] Set X:
[43 36 51 28 20 12 38 48 26 47 40 29 21 15 13 5 34 7 2 0 50 41 14 24 18 6 11 16 27 30 9 35 37 3 1 4 52 17 8 19 33 46 25 23 42 49 44 10 22 31 39 32 45]

[TOQ] Set Y:
[2976 3384 3312 3088 3040 3492 3312 2976 3420 3384 3294 3072 3420 3456 3456 3438 2992 3040 3024 3088 3330 3366 3456 3024 3402 3438 3492 3072 3366 3330 3088 3312 3348 3420 3384 3056 3348 3420 3366 3456 3072 3330 3420 3366 3330 3384 3330 3438 3024 3456 3348 3348 3312]

[ABB] Set X:
[28 9 45 27 41 49 37 2 12 7 50 39 33 42 18 1 38 40 30 15 23 19 22 8 31 34 16 26 35 10 47 32 11 3 52 0 51 14 24 13 48 29 36 4 17 21 43 46 5 20 44 6 25]

[ABB] Set Y:
[4053 4632 2760 5610 3366 1128 1674 3402 4656 3990 2220 3348 1152 3885 5670 2820 2760 2196 3330 4032 5049 6912 7371 5049 2304 2805 4608 6270 3312 3438 2256 2790 1746 2280 1674 3474 2760 5184 4536 5760 1674 2880 2256 3438 3420 6840 2790 3330 2865 6270 555 4584 5130]

[ABBDSW] Set X:
[40 21 10 33 2 23 36 8 25 3 1 9 38 30 4 34 37 11 0 50 47 22 52 45 20 35 42 18 31 15 13 48 12 46 14 7 6 17 27 28 44 19 39 43 51 32 41 26 5 16 29 24 49]

[ABBDSW] Set Y:
[3294 2850 3438 2880 3402 1683 3384 3366 2850 2280 2820 2895 3312 3330 3438 3366 2790 2328 3474 2775 1128 3402 2232 2760 3420 2208 3330 3402 576 1152 2880 2790 3492 3330 3456 1710 3438 2850 2244 3474 3330 2304 1674 2232 1656 3348 2805 3420 2865 3456 2880 3402 2256]

---------------------------------------
N = 400
Experimento A: 
n = 400 y seed = 12

[12 50 20 11 33 29 25 47 29 10 23 16 36 10 31 22 37 12 51 48 49 52 47 5 2 7 17 35 0 34 35 15 11 10 46 49 14 5 33 33 45 21 13 37 0 22 3 25 36 25 5 33 49 47 36 44 18 37 7 3 17 46 7 18 44 4 19 0 48 0 22 19 27 51 3 5 17 34 47 28 35 19 31 37 30 42 44 11 0 48 50 24 34 5 51 21 43 51 26 38 29 48 30 5 43 28 46 26 15 46 19 50 34 13 4 22 11 18 52 50 16 25 6 45 32 17 23 24 42 11 52 42 10 24 38 25 25 5 36 47 32 5 44 0 33 26 11 26 45 13 7 36 51 2 49 13 49 29 48 46 41 5 6 27 44 19 46 11 41 35 26 15 49 17 35 3 32 20 37 11 26 42 15 22 14 32 39 34 13 41 39 49 40 18 32 31 44 14 1 50 4 12 16 36 47 29 7 6 31 14 44 15 7 37 4 42 30 9 29 2 11 0 11 52 39 12 39 16 25 43 43 36 39 42 6 4 11 7 32 28 30 27 17 0 7 32 12 28 12 39 19 23 28 12 36 2 38 6 12 20 6 38 51 3 2 0 49 25 28 19 23 31 29 21 24 4 41 8 20 14 28 16 9 44 45 24 8 24 37 19 19 5 40 14 6 42 37 30 39 46 26 31 48 34 28 34 50 42 22 3 28 0 10 27 52 12 9 2 52 27 36 13 45 9 21 9 14 28 0 7 29 14 43 43 20 37 27 28 4 46 3 32 17 20 26 4 42 33 7 14 24 30 35 7 52 47 2 4 22 48 35 37 19 35 7 2 45 40 7 22 30 31 37 27 25 6 8 34 32 1 24 26 49 33 34 20 25 51 2 33 11 34 51 14 9 3 5 14 36 9]

Experimento B: 
Set de entrada:
[0 0 0 0 0 0 0 0 0 0 0 0 0 0 0 0 0 0 0 0 0 0 0 0 0 0 0 0 0 0 0 0 0 0 0 0 0 0 0 0 0 0 0 0 0 0 0 0 0 0 0 0 0 0]
Set de resultado:
[11 2 9 8 9 11 8 13 3 7 5 12 9 6 11 5 5 7 4 10 7 4 8 4 8 10 9 7 11 8 7 7 9 8 10 8 10 11 4 7 3 4 9 6 8 6 8 7 7 9 6 8 7 0]

Experimento C: 
Set de entrada:
[]
Set de resultado:
[1 3 5 7 9 11 13 15 12 17 19 21 23 18 25 27 29 2 31 33 35 37 16 39 41 43 45 47 49 51 48 53 8 18 55 36 57 40 10 10 59 61 63 30 50 28 65 14 24 14 40 10 36 16 24 67 69 30 44 66 46 56 44 70 68 71 73 50 34 50 28 74 75 32 66 40 46 52 16 77 48 74 26 30 79 81 68 8 50 34 4 83 52 40 32 62 85 32 87 89 12 34 80 40 86 78 56 88 54 56 74 4 52 64 72 28 8 70 38 4 22 14 91 60 93 46 20 84 82 8 38 82 18 84 90 14 14 40 24 16 94 40 68 50 10 88 8 88 60 64 44 24 32 42 36 64 36 12 34 56 95 40 92 76 68 74 56 8 96 48 88 54 36 46 48 66 94 6 30 8 88 82 54 28 58 94 97 52 64 96 98 36 99 70 94 26 68 58 101 4 72 2 22 24 16 12 44 92 26 58 68 54 44 30 72 82 80 103 12 42 8 50 8 38 98 2 98 22 14 86 86 24 98 82 92 72 8 44 94 78 80 76 46 50 44 94 2 78 2 98 74 20 78 2 24 42 90 92 2 6 92 90 32 66 42 50 36 14 78 74 20 26 12 62 84 72 96 105 6 58 78 22 104 68 60 84 106 84 30 74 74 40 100 58 92 82 30 80 98 56 88 26 34 52 78 52 4 82 28 66 78 50 18 76 38 2 104 42 38 76 24 64 60 104 62 104 58 78 50 44 12 58 86 86 6 30 76 78 72 56 66 94 46 6 88 72 82 10 44 58 84 80 48 44 38 16 42 72 28 34 48 30 74 48 44 42 60 100 44 28 80 26 30 76 14 92 106 52 94 102 84 88 36 10 52 6 14 32 42 10 8 52 32 58 104 66 40 58 24 104]

Experimento D: 
Set de entrada:
[0 0 0 0 0 0 0 0 0 0 0 0 0 0 0 0 0 0 0 0 0 0 0 0 0 0 0 0 0 0 0 0 0 0 0 0 0 0 0 0 0 0 0 0 0 0 0 0 0 0 0 0 0 0 0 0 0 0 0 0 0 0 0 0 0 0 0 0 0 0 0 0 0 0 0 0 0 0 0 0 0 0 0 0 0 0 0 0 0 0 0 0 0 0 0 0 0 0 0 0 0 0 0 0 0 0 0 0 0 0 0 0 0 0 0 0 0 0 0 0 0 0 0 0 0 0 0 0 0 0 0 0 0 0 0 0 0 0 0 0 0 0 0 0 0 0 0 0 0 0 0 0 0 0 0 0 0 0 0 0 0 0 0 0 0 0 0 0 0 0 0 0 0 0 0 0 0 0 0 0 0 0 0 0 0 0 0 0 0 0 0 0 0 0 0 0 0 0 0 0 0 0 0 0 0 0 0 0 0 0 0 0 0 0 0 0 0 0 0 0 0 0 0 0 0 0 0 0 0 0 0 0 0 0 0 0 0 0 0 0 0 0 0 0 0 0 0 0 0 0 0 0 0 0 0 0 0 0 0 0 0 0 0 0 0 0 0 0 0 0 0 0 0 0 0 0 0 0 0 0 0 0 0 0 0 0 0 0 0 0 0 0 0 0 0 0 0 0 0 0 0 0 0 0 0 0 0 0 0 0 0 0 0 0 0 0 0 0 0 0 0 0 0 0 0 0 0 0 0 0 0 0 0 0 0 0 0 0 0 0 0 0 0 0 0 0 0 0 0 0 0 0 0 0 0 0 0 0 0 0 0 0 0 0 0 0 0 0 0 0 0 0 0 0 0 0 0 0 0 0 0 0 0 0 0 0 0 0 0 0 0 0 0 0 0 0 0 0 0 0]
Set de resultado:
[0 0 0 0 0 0 0 0 0 0 0 1 1 2 2 2 2 2 2 2 2 2 3 3 3 3 3 3 3 3 4 4 4 4 4 4 4 4 4 5 5 5 5 5 5 5 5 5 5 5 6 6 6 6 6 6 6 6 7 7 7 7 7 7 7 7 7 7 7 7 7 8 8 8 9 9 9 9 9 9 9 10 10 10 10 10 11 11 11 11 11 11 11 11 11 11 11 11 12 12 12 12 12 12 12 12 12 13 13 13 13 13 13 14 14 14 14 14 14 14 14 14 14 14 15 15 15 15 15 16 16 16 16 16 17 17 17 17 17 17 17 18 18 18 18 19 19 19 19 19 19 19 19 19 19 20 20 20 20 20 20 20 21 21 21 21 22 22 22 22 22 22 22 22 23 23 23 23 24 24 24 24 24 24 24 24 25 25 25 25 25 25 25 25 25 25 26 26 26 26 26 26 26 26 26 27 27 27 27 27 27 27 28 28 28 28 28 28 28 28 28 28 28 29 29 29 29 29 29 29 29 30 30 30 30 30 30 30 31 31 31 31 31 31 31 32 32 32 32 32 32 32 32 32 33 33 33 33 33 33 33 33 34 34 34 34 34 34 34 34 34 34 35 35 35 35 35 35 35 35 36 36 36 36 36 36 36 36 36 36 37 37 37 37 37 37 37 37 37 37 37 38 38 38 38 39 39 39 39 39 39 39 40 40 40 41 41 41 41 42 42 42 42 42 42 42 42 42 43 43 43 43 43 43 44 44 44 44 44 44 44 44 45 45 45 45 45 45 46 46 46 46 46 46 46 46 47 47 47 47 47 47 47 48 48 48 48 48 48 48 49 49 49 49 49 49 49 49 49 50 50 50 50 50 50 51 51 51 51 51 51 51 51 52 52 52 52 52 52 52]

Experimento E: 
Set de entrada:
[0 0 0 0 0 0 0 0 0 0 0 0 0 0 0 0 0 0 0 0 0 0 0 0 0 0 0 0 0 0 0 0 0 0 0 0 0 0 0 0 0 0 0 0 0 0 0 0 0 0 0 0 0 0 0 0 0 0 0 0 0 0 0 0 0 0 0 0 0 0 0 0 0 0 0 0 0 0 0 0 0 0 0 0 0 0 0 0 0 0 0 0 0 0 0 0 0 0 0 0 0 0 0 0 0 0 0 0 0 0 0 0 0 0 0 0 0 0 0 0 0 0 0 0 0 0 0 0 0 0 0 0 0 0 0 0 0 0 0 0 0 0 0 0 0 0 0 0 0 0 0 0 0 0 0 0 0 0 0 0 0 0 0 0 0 0 0 0 0 0 0 0 0 0 0 0 0 0 0 0 0 0 0 0 0 0 0 0 0 0 0 0 0 0 0 0 0 0 0 0 0 0 0 0 0 0 0 0 0 0 0 0 0 0 0 0 0 0 0 0 0 0 0 0 0 0 0 0 0 0 0 0 0 0 0 0 0 0 0 0 0 0 0 0 0 0 0 0 0 0 0 0 0 0 0 0 0 0 0 0 0 0 0 0 0 0 0 0 0 0 0 0 0 0 0 0 0 0 0 0 0 0 0 0 0 0 0 0 0 0 0 0 0 0 0 0 0 0 0 0 0 0 0 0 0 0 0 0 0 0 0 0 0 0 0 0 0 0 0 0 0 0 0 0 0 0 0 0 0 0 0 0 0 0 0 0 0 0 0 0 0 0 0 0 0 0 0 0 0 0 0 0 0 0 0 0 0 0 0 0 0 0 0 0 0 0 0 0 0 0 0 0 0 0 0 0 0 0 0 0 0 0 0 0 0 0 0 0 0 0 0 0 0 0 0 0 0 0 0 0]
Set de resultado:
[0 0 0 0 0 0 0 0 0 0 0 1 1 2 2 2 2 2 2 2 2 2 3 3 3 3 3 3 3 3 4 4 4 4 4 4 4 4 4 5 5 5 5 5 5 5 5 5 5 5 6 6 6 6 6 6 6 6 7 7 7 7 7 7 7 7 7 7 7 7 7 8 8 8 9 9 9 9 9 9 9 10 10 10 10 10 11 11 11 11 11 11 11 11 11 11 11 11 12 12 12 12 12 12 12 12 12 13 13 13 13 13 13 14 14 14 14 14 14 14 14 14 14 14 15 15 15 15 15 16 16 16 16 16 17 17 17 17 17 17 17 18 18 18 18 19 19 19 19 19 19 19 19 19 19 20 20 20 20 20 20 20 21 21 21 21 22 22 22 22 22 22 22 22 23 23 23 23 24 24 24 24 24 24 24 24 25 25 25 25 25 25 25 25 25 25 26 26 26 26 26 26 26 26 26 27 27 27 27 27 27 27 28 28 28 28 28 28 28 28 28 28 28 29 29 29 29 29 29 29 29 30 30 30 30 30 30 30 31 31 31 31 31 31 31 32 32 32 32 32 32 32 32 32 33 33 33 33 33 33 33 33 34 34 34 34 34 34 34 34 34 34 35 35 35 35 35 35 35 35 36 36 36 36 36 36 36 36 36 36 37 37 37 37 37 37 37 37 37 37 37 38 38 38 38 39 39 39 39 39 39 39 40 40 40 41 41 41 41 42 42 42 42 42 42 42 42 42 43 43 43 43 43 43 44 44 44 44 44 44 44 44 45 45 45 45 45 45 46 46 46 46 46 46 46 46 47 47 47 47 47 47 47 48 48 48 48 48 48 48 49 49 49 49 49 49 49 49 49 50 50 50 50 50 50 51 51 51 51 51 51 51 51 52 52 52 52 52 52 52]

Experimento F: 
Set de entrada:
[12 50 20 11 33 29 25 47 29 10 23 16 36 10 31 22 37 12 51 48 49 52 47 5 2 7 17 35 0 34 35 15 11 10 46 49 14 5 33 33 45 21 13 37 0 22 3 25 36 25 5 33 49 47 36 44 18 37 7 3 17 46 7 18 44 4 19 0 48 0 22 19 27 51 3 5 17 34 47 28 35 19 31 37 30 42 44 11 0 48 50 24 34 5 51 21 43 51 26 38 29 48 30 5 43 28 46 26 15 46 19 50 34 13 4 22 11 18 52 50 16 25 6 45 32 17 23 24 42 11 52 42 10 24 38 25 25 5 36 47 32 5 44 0 33 26 11 26 45 13 7 36 51 2 49 13 49 29 48 46 41 5 6 27 44 19 46 11 41 35 26 15 49 17 35 3 32 20 37 11 26 42 15 22 14 32 39 34 13 41 39 49 40 18 32 31 44 14 1 50 4 12 16 36 47 29 7 6 31 14 44 15 7 37 4 42 30 9 29 2 11 0 11 52 39 12 39 16 25 43 43 36 39 42 6 4 11 7 32 28 30 27 17 0 7 32 12 28 12 39 19 23 28 12 36 2 38 6 12 20 6 38 51 3 2 0 49 25 28 19 23 31 29 21 24 4 41 8 20 14 28 16 9 44 45 24 8 24 37 19 19 5 40 14 6 42 37 30 39 46 26 31 48 34 28 34 50 42 22 3 28 0 10 27 52 12 9 2 52 27 36 13 45 9 21 9 14 28 0 7 29 14 43 43 20 37 27 28 4 46 3 32 17 20 26 4 42 33 7 14 24 30 35 7 52 47 2 4 22 48 35 37 19 35 7 2 45 40 7 22 30 31 37 27 25 6 8 34 32 1 24 26 49 33 34 20 25 51 2 33 11 34 51 14 9 3 5 14 36 9]
Set de resultado:
[12, [11, [10, [5, [2, [0, [], [1, [], []]], [3, [], [4, [], []]]], [7, [6, [], []], [9, [8, [], []], []]]], []], []], [50, [20, [16, [15, [14, [13, [], []], []], []], [17, [], [18, [], [19, [], []]]]], [33, [29, [25, [23, [22, [21, [], []], []], [24, [], []]], [27, [26, [], []], [28, [], []]]], [31, [30, [], []], [32, [], []]]], [47, [36, [35, [34, [], []], []], [37, [], [46, [45, [44, [42, [38, [], [41, [39, [], [40, [], []]], []]], [43, [], []]], []], []], []]]], [48, [], [49, [], []]]]]], [51, [], [52, [], []]]]]

Comparaciones: 
[1 3 6 4 8 11 14 10 13 7 17 9 13 9 13 20 15 3 5 12 14 7 12 10 13 12 11 16 16 19 18 12 6 9 17 16 15 12 10 10 20 23 18 17 18 22 15 16 15 16 12 10 16 12 15 23 13 17 14 17 13 19 14 15 25 17 15 18 14 18 22 17 16 7 17 12 13 21 12 18 18 17 15 17 16 26 25 6 18 14 5 19 21 12 7 25 28 7 19 29 13 14 18 12 30 20 19 21 14 19 17 5 21 20 19 22 6 15 9 5 11 16 15 22 15 13 19 21 28 6 9 28 9 21 31 16 16 12 15 12 17 12 25 18 10 21 6 21 22 20 14 15 7 15 16 20 16 13 14 19 31 12 17 18 25 17 19 6 33 18 21 14 16 13 18 17 17 8 17 6 21 28 14 22 17 17 34 21 20 33 36 16 36 15 17 15 25 17 18 5 19 3 11 15 12 13 14 17 15 17 25 14 14 17 19 28 18 14 13 15 6 18 6 9 36 3 36 11 16 30 30 15 36 28 17 19 6 14 17 20 18 18 13 18 14 17 3 20 3 36 17 19 20 3 15 15 31 17 3 8 17 31 7 17 15 18 16 16 20 17 19 15 13 25 21 19 33 17 8 17 20 11 16 25 22 21 19 21 17 17 17 12 38 17 17 28 17 18 36 19 21 15 14 21 20 21 5 28 22 17 20 18 9 18 9 3 16 15 9 18 15 20 22 16 25 16 17 20 18 14 13 17 30 30 8 17 18 20 19 19 17 17 13 8 21 19 28 10 14 17 21 18 18 14 9 12 15 19 22 14 18 17 17 18 14 15 22 38 14 22 18 15 17 18 16 17 19 21 17 20 21 21 16 10 21 8 16 7 15 10 6 21 7 17 16 17 12 17 15 16]

Experimento G: 
Set de resultado:
[31, [15, [7, [3, [1, [0, [], []], [2, [], []]], [5, [4, [], []], [6, [], []]]], [11, [9, [8, [], []], [10, [], []]], [13, [12, [], []], [14, [], []]]]], [23, [19, [17, [16, [], []], [18, [], []]], [21, [20, [], []], [22, [], []]]], [27, [25, [24, [], []], [26, [], []]], [29, [28, [], []], [30, [], []]]]]], [47, [39, [35, [33, [32, [], []], [34, [], []]], [37, [36, [], []], [38, [], []]]], [43, [41, [40, [], []], [42, [], []]], [45, [44, [], []], [46, [], []]]]], [51, [49, [48, [], []], [50, [], []]], [52, [], []]]]]

Experimento I: Semilla = 17 
[TS] Set X:
[27 47 34 6 48 26 50 22 2 32 7 25 45 11 16 1 9 17 23 3 52 39 24 0 8 38 15 35 33 28 43 19 46 31 37 29 12 10 14 21 30 20 44 42 4 5 51 18 49 40 36 41 13]

[TS] Set Y:
[14212 3008 9724 17572 6324 16720 740 5292 7938 17484 8360 2660 11040 1552 4224 19176 20072 8740 3740 12540 7068 18228 15876 9650 19822 16560 10368 8832 1920 15054 15996 14208 10360 4992 5580 2304 388 3438 11136 11780 14800 1140 12580 15170 13752 7640 5888 13230 6768 18300 4512 17952 12288]

[TOS] Set X:
[34 42 2 30 43 52 27 46 31 37 40 12 17 49 25 45 24 14 22 44 5 6 19 33 41 7 21 29 15 10 18 16 26 8 20 23 13 1 3 47 39 36 35 11 4 9 38 32 0 50 51 28 48]

[TOS] Set Y:
[3366 3700 3780 3330 3348 3720 3740 3700 3840 3348 3294 3880 3420 3760 3800 3680 3402 3840 3780 3330 3820 3438 3840 3840 3366 3800 3420 3840 3840 3438 3780 3840 3800 3740 3800 3740 3840 3760 3800 3384 3720 3760 3680 3880 3820 3860 3680 3720 3474 3700 3680 3474 3720]

[TOQ] Set X:
[21 2 23 3 16 15 0 31 4 11 22 18 41 26 32 40 30 43 28 52 35 47 33 34 48 46 6 50 45 19 37 13 5 29 8 39 1 42 7 49 27 44 51 10 17 9 12 25 38 20 36 14 24]

[TOQ] Set Y:
[3420 3780 3740 3800 3840 3840 3474 3840 3820 3880 3780 3780 3366 3800 3720 3294 3330 3348 3474 3720 3680 3384 3840 3366 3720 3700 3438 3700 3680 3840 3348 3840 3820 3840 3740 3720 3760 3700 3800 3760 3740 3330 3680 3438 3420 3860 3880 3800 3680 3800 3760 3840 3402]

[ABB] Set X:
[29 44 23 34 6 49 11 20 43 41 10 39 33 14 24 7 0 51 26 50 8 42 12 36 13 52 38 37 18 45 16 40 21 2 15 19 47 31 48 35 28 30 4 17 27 32 1 5 9 25 46 22 3]

[ABB] Set Y:
[2880 5550 3927 4488 3438 3948 1164 1710 6696 7293 1719 7812 2304 3456 4536 2850 3474 1656 4560 1110 3927 6105 582 3384 4032 2232 6624 3906 3402 4968 2304 8235 5130 2835 2880 4032 2820 3456 3348 3864 4632 3885 4011 2850 3927 3906 3948 2292 3474 3420 4440 4536 3420]

[ABBDSW] Set X:
[32 30 50 51 3 34 27 52 29 36 8 39 41 4 0 45 43 44 21 14 22 31 23 13 6 7 38 37 48 15 35 10 33 28 25 16 5 17 20 42 9 40 19 46 18 2 47 1 49 11 12 24 26]

[ABBDSW] Set Y:
[3348 3330 2775 1656 2280 3366 2244 2232 2880 3384 3366 1674 2805 3438 3474 2760 2232 3330 2850 3456 3402 576 1683 2880 3438 1710 3312 2790 2790 1152 2208 3438 2880 3474 2850 3456 2865 2850 3420 3330 2895 3294 2304 3330 3402 3402 1128 2820 2256 2328 3492 3402 3420]

---------------------------------------
N = 600
Experimento A: 
n = 600 y seed = 13

[33 33 48 38 51 6 19 38 18 25 44 15 23 39 19 20 30 27 14 2 22 10 12 12 50 20 11 33 29 25 47 29 10 23 16 36 10 31 22 37 12 51 48 49 52 47 5 2 7 17 35 0 34 35 15 11 10 46 49 14 5 33 33 45 21 13 37 0 22 3 25 36 25 5 33 49 47 36 44 18 37 7 3 17 46 7 18 44 4 19 0 48 0 22 19 27 51 3 5 17 34 47 28 35 19 31 37 30 42 44 11 0 48 50 24 34 5 51 21 43 51 26 38 29 48 30 5 43 28 46 26 15 46 19 50 34 13 4 22 11 18 52 50 16 25 6 45 32 17 23 24 42 11 52 42 10 24 38 25 25 5 36 47 32 5 44 0 33 26 11 26 45 13 7 36 51 2 49 13 49 29 48 46 41 5 6 27 44 19 46 11 41 35 26 15 49 17 35 3 32 20 37 11 26 42 15 22 14 32 39 34 13 41 39 49 40 18 32 31 44 14 1 50 4 12 16 36 47 29 7 6 31 14 44 15 7 37 4 42 30 9 29 2 11 0 11 52 39 12 39 16 25 43 43 36 39 42 6 4 11 7 32 28 30 27 17 0 7 32 12 28 12 39 19 23 28 12 36 2 38 6 12 20 6 38 51 3 2 0 49 25 28 19 23 31 29 21 24 4 41 8 20 14 28 16 9 44 45 24 8 24 37 19 19 5 40 14 6 42 37 30 39 46 26 31 48 34 28 34 50 42 22 3 28 0 10 27 52 12 9 2 52 27 36 13 45 9 21 9 14 28 0 7 29 14 43 43 20 37 27 28 4 46 3 32 17 20 26 4 42 33 7 14 24 30 35 7 52 47 2 4 22 48 35 37 19 35 7 2 45 40 7 22 30 31 37 27 25 6 8 34 32 1 24 26 49 33 34 20 25 51 2 33 11 34 51 14 9 3 5 14 36 9 6 35 3 35 18 22 33 45 24 11 22 22 41 38 40 2 33 14 51 36 36 28 19 20 14 44 52 24 22 26 8 12 5 29 10 20 18 51 41 31 40 41 12 43 39 50 12 5 32 8 5 40 17 4 27 6 49 21 42 45 39 38 33 15 4 23 36 24 52 46 49 51 22 18 2 11 3 9 37 8 12 21 31 25 51 52 35 26 12 32 32 13 37 50 24 18 3 36 43 9 33 41 38 37 38 48 45 32 20 21 9 11 11 15 38 10 32 47 43 12 47 9 22 34 1 28 49 40 2 30 16 47 14 17 46 23 20 6 35 0 18 33 0 14 10 9 11 14 13 23 32 51 10 39 12 2 18 40 21 43 1 24 23 51 48 12 1 43 36 36 25 21 35 45 25 36 9]

Experimento B: 
Set de entrada:
[0 0 0 0 0 0 0 0 0 0 0 0 0 0 0 0 0 0 0 0 0 0 0 0 0 0 0 0 0 0 0 0 0 0 0 0 0 0 0 0 0 0 0 0 0 0 0 0 0 0 0 0 0 0]
Set de resultado:
[13 5 14 11 11 14 12 13 6 13 10 17 18 8 17 8 6 9 11 13 12 9 15 9 13 14 11 9 13 9 9 9 15 15 11 13 17 14 11 11 8 8 10 11 10 10 10 10 10 12 8 15 10 0]

Experimento C: 
Set de entrada:
[]
Set de resultado:
[1 2 3 5 7 9 11 6 13 15 17 19 21 23 12 25 27 29 31 33 35 37 39 40 41 26 43 2 45 16 47 46 38 22 49 51 38 53 36 55 40 8 4 57 59 48 61 34 63 65 67 69 71 68 20 44 38 73 58 32 62 2 2 75 77 79 56 70 36 81 16 52 16 62 2 58 48 52 18 14 56 64 82 66 74 64 14 18 83 12 70 4 70 36 12 30 8 82 62 66 72 48 85 68 12 54 56 28 87 18 44 70 4 42 89 72 62 8 78 91 8 93 6 46 4 28 62 92 86 74 94 20 74 12 42 72 80 84 36 44 14 60 42 50 16 10 76 95 66 22 90 88 44 60 88 38 90 6 16 16 62 52 48 96 62 18 70 2 94 44 94 76 80 64 52 8 34 58 80 58 46 4 74 97 62 10 30 18 12 74 44 98 68 94 20 58 66 68 82 96 26 56 44 94 88 20 36 32 96 24 72 80 98 24 58 99 14 96 54 18 32 101 42 84 40 50 52 48 46 64 10 54 32 18 20 64 56 84 88 28 103 46 34 44 70 44 60 24 40 24 50 16 92 92 52 24 88 10 84 44 64 96 86 28 30 66 70 64 96 40 86 40 24 12 22 86 40 52 34 6 10 40 26 10 6 8 82 34 70 58 16 86 12 22 54 46 78 90 84 98 105 26 32 86 50 104 18 76 90 106 90 56 12 12 62 100 32 10 88 56 28 24 74 94 54 4 72 86 72 42 88 36 82 86 70 38 30 60 40 104 34 60 30 52 80 76 104 78 104 32 86 70 64 46 32 92 92 26 56 30 86 84 74 82 96 66 26 94 84 88 2 64 32 90 28 68 64 60 48 34 84 36 4 68 56 12 68 64 34 76 100 64 36 28 54 56 30 16 10 106 72 96 102 90 94 58 2 72 26 16 8 34 2 44 72 8 32 104 82 62 32 52 104 10 68 82 68 14 36 2 76 90 44 36 36 98 6 100 34 2 32 8 52 52 86 12 26 32 18 60 90 36 94 106 40 62 46 38 26 14 8 98 54 100 98 40 92 24 42 40 62 96 106 62 100 66 84 30 10 58 78 88 76 24 6 2 20 84 22 52 90 60 74 58 8 36 14 34 44 82 104 56 106 40 78 54 16 8 60 68 94 40 96 96 80 56 42 90 14 82 52 92 104 2 98 6 56 6 4 76 96 26 78 104 44 44 20 6 38 96 48 92 40 48 104 36 72 102 86 58 100 34 28 50 48 32 66 74 22 26 10 68 70 14 2 70 32 38 104 44 32 80 22 96 8 38 24 40 34 14 100 78 92 102 90 22 8 4 40 102 92 52 52 16 78 68 76 16 52 104]

Experimento D: 
Set de entrada:
[0 0 0 0 0 0 0 0 0 0 0 0 0 0 0 0 0 0 0 0 0 0 0 0 0 0 0 0 0 0 0 0 0 0 0 0 0 0 0 0 0 0 0 0 0 0 0 0 0 0 0 0 0 0 0 0 0 0 0 0 0 0 0 0 0 0 0 0 0 0 0 0 0 0 0 0 0 0 0 0 0 0 0 0 0 0 0 0 0 0 0 0 0 0 0 0 0 0 0 0 0 0 0 0 0 0 0 0 0 0 0 0 0 0 0 0 0 0 0 0 0 0 0 0 0 0 0 0 0 0 0 0 0 0 0 0 0 0 0 0 0 0 0 0 0 0 0 0 0 0 0 0 0 0 0 0 0 0 0 0 0 0 0 0 0 0 0 0 0 0 0 0 0 0 0 0 0 0 0 0 0 0 0 0 0 0 0 0 0 0 0 0 0 0 0 0 0 0 0 0 0 0 0 0 0 0 0 0 0 0 0 0 0 0 0 0 0 0 0 0 0 0 0 0 0 0 0 0 0 0 0 0 0 0 0 0 0 0 0 0 0 0 0 0 0 0 0 0 0 0 0 0 0 0 0 0 0 0 0 0 0 0 0 0 0 0 0 0 0 0 0 0 0 0 0 0 0 0 0 0 0 0 0 0 0 0 0 0 0 0 0 0 0 0 0 0 0 0 0 0 0 0 0 0 0 0 0 0 0 0 0 0 0 0 0 0 0 0 0 0 0 0 0 0 0 0 0 0 0 0 0 0 0 0 0 0 0 0 0 0 0 0 0 0 0 0 0 0 0 0 0 0 0 0 0 0 0 0 0 0 0 0 0 0 0 0 0 0 0 0 0 0 0 0 0 0 0 0 0 0 0 0 0 0 0 0 0 0 0 0 0 0 0 0 0 0 0 0 0 0 0 0 0 0 0 0 0 0 0 0 0 0 0 0 0 0 0 0 0 0 0 0 0 0 0 0 0 0 0 0 0 0 0 0 0 0 0 0 0 0 0 0 0 0 0 0 0 0 0 0 0 0 0 0 0 0 0 0 0 0 0 0 0 0 0 0 0 0 0 0 0 0 0 0 0 0 0 0 0 0 0 0 0 0 0 0 0 0 0 0 0 0 0 0 0 0 0 0 0 0 0 0 0 0 0 0 0 0 0 0 0 0 0 0 0 0 0 0 0 0 0 0 0 0 0 0 0 0 0 0 0 0 0 0 0 0 0 0 0 0 0 0 0 0 0 0 0 0 0 0 0 0 0 0 0 0 0 0 0 0 0 0 0 0 0 0 0 0 0 0 0 0 0 0 0 0 0 0 0 0 0 0 0 0 0 0 0 0 0 0 0 0 0 0 0 0 0 0 0 0]
Set de resultado:
[0 0 0 0 0 0 0 0 0 0 0 0 0 1 1 1 1 1 2 2 2 2 2 2 2 2 2 2 2 2 2 2 3 3 3 3 3 3 3 3 3 3 3 4 4 4 4 4 4 4 4 4 4 4 5 5 5 5 5 5 5 5 5 5 5 5 5 5 6 6 6 6 6 6 6 6 6 6 6 6 7 7 7 7 7 7 7 7 7 7 7 7 7 8 8 8 8 8 8 9 9 9 9 9 9 9 9 9 9 9 9 9 10 10 10 10 10 10 10 10 10 10 11 11 11 11 11 11 11 11 11 11 11 11 11 11 11 11 11 12 12 12 12 12 12 12 12 12 12 12 12 12 12 12 12 12 12 13 13 13 13 13 13 13 13 14 14 14 14 14 14 14 14 14 14 14 14 14 14 14 14 14 15 15 15 15 15 15 15 15 16 16 16 16 16 16 17 17 17 17 17 17 17 17 17 18 18 18 18 18 18 18 18 18 18 18 19 19 19 19 19 19 19 19 19 19 19 19 19 20 20 20 20 20 20 20 20 20 20 20 20 21 21 21 21 21 21 21 21 21 22 22 22 22 22 22 22 22 22 22 22 22 22 22 22 23 23 23 23 23 23 23 23 23 24 24 24 24 24 24 24 24 24 24 24 24 24 25 25 25 25 25 25 25 25 25 25 25 25 25 25 26 26 26 26 26 26 26 26 26 26 26 27 27 27 27 27 27 27 27 27 28 28 28 28 28 28 28 28 28 28 28 28 28 29 29 29 29 29 29 29 29 29 30 30 30 30 30 30 30 30 30 31 31 31 31 31 31 31 31 31 32 32 32 32 32 32 32 32 32 32 32 32 32 32 32 33 33 33 33 33 33 33 33 33 33 33 33 33 33 33 34 34 34 34 34 34 34 34 34 34 34 35 35 35 35 35 35 35 35 35 35 35 35 35 36 36 36 36 36 36 36 36 36 36 36 36 36 36 36 36 36 37 37 37 37 37 37 37 37 37 37 37 37 37 37 38 38 38 38 38 38 38 38 38 38 38 39 39 39 39 39 39 39 39 39 39 39 40 40 40 40 40 40 40 40 41 41 41 41 41 41 41 41 42 42 42 42 42 42 42 42 42 42 43 43 43 43 43 43 43 43 43 43 43 44 44 44 44 44 44 44 44 44 44 45 45 45 45 45 45 45 45 45 45 46 46 46 46 46 46 46 46 46 46 47 47 47 47 47 47 47 47 47 47 48 48 48 48 48 48 48 48 48 48 49 49 49 49 49 49 49 49 49 49 49 49 50 50 50 50 50 50 50 50 51 51 51 51 51 51 51 51 51 51 51 51 51 51 51 52 52 52 52 52 52 52 52 52 52]

Experimento E: 
Set de entrada:
[0 0 0 0 0 0 0 0 0 0 0 0 0 0 0 0 0 0 0 0 0 0 0 0 0 0 0 0 0 0 0 0 0 0 0 0 0 0 0 0 0 0 0 0 0 0 0 0 0 0 0 0 0 0 0 0 0 0 0 0 0 0 0 0 0 0 0 0 0 0 0 0 0 0 0 0 0 0 0 0 0 0 0 0 0 0 0 0 0 0 0 0 0 0 0 0 0 0 0 0 0 0 0 0 0 0 0 0 0 0 0 0 0 0 0 0 0 0 0 0 0 0 0 0 0 0 0 0 0 0 0 0 0 0 0 0 0 0 0 0 0 0 0 0 0 0 0 0 0 0 0 0 0 0 0 0 0 0 0 0 0 0 0 0 0 0 0 0 0 0 0 0 0 0 0 0 0 0 0 0 0 0 0 0 0 0 0 0 0 0 0 0 0 0 0 0 0 0 0 0 0 0 0 0 0 0 0 0 0 0 0 0 0 0 0 0 0 0 0 0 0 0 0 0 0 0 0 0 0 0 0 0 0 0 0 0 0 0 0 0 0 0 0 0 0 0 0 0 0 0 0 0 0 0 0 0 0 0 0 0 0 0 0 0 0 0 0 0 0 0 0 0 0 0 0 0 0 0 0 0 0 0 0 0 0 0 0 0 0 0 0 0 0 0 0 0 0 0 0 0 0 0 0 0 0 0 0 0 0 0 0 0 0 0 0 0 0 0 0 0 0 0 0 0 0 0 0 0 0 0 0 0 0 0 0 0 0 0 0 0 0 0 0 0 0 0 0 0 0 0 0 0 0 0 0 0 0 0 0 0 0 0 0 0 0 0 0 0 0 0 0 0 0 0 0 0 0 0 0 0 0 0 0 0 0 0 0 0 0 0 0 0 0 0 0 0 0 0 0 0 0 0 0 0 0 0 0 0 0 0 0 0 0 0 0 0 0 0 0 0 0 0 0 0 0 0 0 0 0 0 0 0 0 0 0 0 0 0 0 0 0 0 0 0 0 0 0 0 0 0 0 0 0 0 0 0 0 0 0 0 0 0 0 0 0 0 0 0 0 0 0 0 0 0 0 0 0 0 0 0 0 0 0 0 0 0 0 0 0 0 0 0 0 0 0 0 0 0 0 0 0 0 0 0 0 0 0 0 0 0 0 0 0 0 0 0 0 0 0 0 0 0 0 0 0 0 0 0 0 0 0 0 0 0 0 0 0 0 0 0 0 0 0 0 0 0 0 0 0 0 0 0 0 0 0 0 0 0 0 0 0 0 0 0 0 0 0 0 0 0 0 0 0 0 0 0 0 0 0 0 0 0 0 0 0 0 0 0 0 0 0 0 0 0 0 0 0 0 0 0]
Set de resultado:
[0 0 0 0 0 0 0 0 0 0 0 0 0 1 1 1 1 1 2 2 2 2 2 2 2 2 2 2 2 2 2 2 3 3 3 3 3 3 3 3 3 3 3 4 4 4 4 4 4 4 4 4 4 4 5 5 5 5 5 5 5 5 5 5 5 5 5 5 6 6 6 6 6 6 6 6 6 6 6 6 7 7 7 7 7 7 7 7 7 7 7 7 7 8 8 8 8 8 8 9 9 9 9 9 9 9 9 9 9 9 9 9 10 10 10 10 10 10 10 10 10 10 11 11 11 11 11 11 11 11 11 11 11 11 11 11 11 11 11 12 12 12 12 12 12 12 12 12 12 12 12 12 12 12 12 12 12 13 13 13 13 13 13 13 13 14 14 14 14 14 14 14 14 14 14 14 14 14 14 14 14 14 15 15 15 15 15 15 15 15 16 16 16 16 16 16 17 17 17 17 17 17 17 17 17 18 18 18 18 18 18 18 18 18 18 18 19 19 19 19 19 19 19 19 19 19 19 19 19 20 20 20 20 20 20 20 20 20 20 20 20 21 21 21 21 21 21 21 21 21 22 22 22 22 22 22 22 22 22 22 22 22 22 22 22 23 23 23 23 23 23 23 23 23 24 24 24 24 24 24 24 24 24 24 24 24 24 25 25 25 25 25 25 25 25 25 25 25 25 25 25 26 26 26 26 26 26 26 26 26 26 26 27 27 27 27 27 27 27 27 27 28 28 28 28 28 28 28 28 28 28 28 28 28 29 29 29 29 29 29 29 29 29 30 30 30 30 30 30 30 30 30 31 31 31 31 31 31 31 31 31 32 32 32 32 32 32 32 32 32 32 32 32 32 32 32 33 33 33 33 33 33 33 33 33 33 33 33 33 33 33 34 34 34 34 34 34 34 34 34 34 34 35 35 35 35 35 35 35 35 35 35 35 35 35 36 36 36 36 36 36 36 36 36 36 36 36 36 36 36 36 36 37 37 37 37 37 37 37 37 37 37 37 37 37 37 38 38 38 38 38 38 38 38 38 38 38 39 39 39 39 39 39 39 39 39 39 39 40 40 40 40 40 40 40 40 41 41 41 41 41 41 41 41 42 42 42 42 42 42 42 42 42 42 43 43 43 43 43 43 43 43 43 43 43 44 44 44 44 44 44 44 44 44 44 45 45 45 45 45 45 45 45 45 45 46 46 46 46 46 46 46 46 46 46 47 47 47 47 47 47 47 47 47 47 48 48 48 48 48 48 48 48 48 48 49 49 49 49 49 49 49 49 49 49 49 49 50 50 50 50 50 50 50 50 51 51 51 51 51 51 51 51 51 51 51 51 51 51 51 52 52 52 52 52 52 52 52 52 52]

Experimento F: 
Set de entrada:
[33 33 48 38 51 6 19 38 18 25 44 15 23 39 19 20 30 27 14 2 22 10 12 12 50 20 11 33 29 25 47 29 10 23 16 36 10 31 22 37 12 51 48 49 52 47 5 2 7 17 35 0 34 35 15 11 10 46 49 14 5 33 33 45 21 13 37 0 22 3 25 36 25 5 33 49 47 36 44 18 37 7 3 17 46 7 18 44 4 19 0 48 0 22 19 27 51 3 5 17 34 47 28 35 19 31 37 30 42 44 11 0 48 50 24 34 5 51 21 43 51 26 38 29 48 30 5 43 28 46 26 15 46 19 50 34 13 4 22 11 18 52 50 16 25 6 45 32 17 23 24 42 11 52 42 10 24 38 25 25 5 36 47 32 5 44 0 33 26 11 26 45 13 7 36 51 2 49 13 49 29 48 46 41 5 6 27 44 19 46 11 41 35 26 15 49 17 35 3 32 20 37 11 26 42 15 22 14 32 39 34 13 41 39 49 40 18 32 31 44 14 1 50 4 12 16 36 47 29 7 6 31 14 44 15 7 37 4 42 30 9 29 2 11 0 11 52 39 12 39 16 25 43 43 36 39 42 6 4 11 7 32 28 30 27 17 0 7 32 12 28 12 39 19 23 28 12 36 2 38 6 12 20 6 38 51 3 2 0 49 25 28 19 23 31 29 21 24 4 41 8 20 14 28 16 9 44 45 24 8 24 37 19 19 5 40 14 6 42 37 30 39 46 26 31 48 34 28 34 50 42 22 3 28 0 10 27 52 12 9 2 52 27 36 13 45 9 21 9 14 28 0 7 29 14 43 43 20 37 27 28 4 46 3 32 17 20 26 4 42 33 7 14 24 30 35 7 52 47 2 4 22 48 35 37 19 35 7 2 45 40 7 22 30 31 37 27 25 6 8 34 32 1 24 26 49 33 34 20 25 51 2 33 11 34 51 14 9 3 5 14 36 9 6 35 3 35 18 22 33 45 24 11 22 22 41 38 40 2 33 14 51 36 36 28 19 20 14 44 52 24 22 26 8 12 5 29 10 20 18 51 41 31 40 41 12 43 39 50 12 5 32 8 5 40 17 4 27 6 49 21 42 45 39 38 33 15 4 23 36 24 52 46 49 51 22 18 2 11 3 9 37 8 12 21 31 25 51 52 35 26 12 32 32 13 37 50 24 18 3 36 43 9 33 41 38 37 38 48 45 32 20 21 9 11 11 15 38 10 32 47 43 12 47 9 22 34 1 28 49 40 2 30 16 47 14 17 46 23 20 6 35 0 18 33 0 14 10 9 11 14 13 23 32 51 10 39 12 2 18 40 21 43 1 24 23 51 48 12 1 43 36 36 25 21 35 45 25 36 9]
Set de resultado:
[33, [6, [2, [0, [], [1, [], []]], [5, [3, [], [4, [], []]], []]], [19, [18, [15, [14, [10, [7, [], [9, [8, [], []], []]], [12, [11, [], []], [13, [], []]]], []], [16, [], [17, [], []]]], []], [25, [23, [20, [], [22, [21, [], []], []]], [24, [], []]], [30, [27, [26, [], []], [29, [28, [], []], []]], [31, [], [32, [], []]]]]]], [48, [38, [36, [35, [34, [], []], []], [37, [], []]], [44, [39, [], [42, [41, [40, [], []], []], [43, [], []]]], [47, [46, [45, [], []], []], []]]], [51, [50, [49, [], []], []], [52, [], []]]]]

Comparaciones: 
[1 3 3 6 5 4 6 8 9 8 8 12 11 11 8 14 10 13 15 7 16 18 20 22 8 16 23 3 15 10 10 17 20 13 14 9 20 12 18 11 22 7 5 11 7 12 9 9 21 16 12 10 15 14 14 25 20 13 13 17 11 3 3 16 19 22 13 12 18 12 10 11 10 11 3 13 12 11 10 11 13 23 14 18 15 23 11 10 14 8 12 5 12 18 8 15 7 14 11 18 17 12 18 14 8 14 13 12 13 10 25 12 5 10 13 17 11 7 21 15 7 16 8 17 5 12 11 17 20 15 18 14 15 8 10 17 24 16 18 25 11 9 10 16 10 6 18 14 18 13 15 15 25 9 15 20 15 8 10 10 11 11 12 16 11 10 12 3 18 25 18 18 24 23 11 7 9 13 24 13 17 5 15 16 11 6 15 10 8 15 25 18 14 18 14 13 18 14 14 16 16 13 25 18 15 14 18 17 16 13 17 24 18 13 13 19 11 16 14 10 17 12 10 16 22 16 11 12 17 23 6 14 17 10 14 23 13 16 15 12 23 17 9 25 12 25 9 13 22 13 16 10 17 17 11 13 15 6 16 25 23 16 20 12 15 18 12 23 16 22 20 22 13 8 13 20 22 11 9 8 6 22 16 6 8 7 14 9 12 13 10 20 8 13 14 17 21 15 16 18 26 16 17 20 16 25 10 18 15 28 15 13 8 8 11 21 17 6 15 13 12 13 15 18 14 5 17 20 17 10 15 18 14 20 12 20 15 9 22 25 9 9 15 11 24 18 25 21 25 17 20 12 23 17 17 17 17 16 13 15 20 16 15 14 16 18 16 18 16 15 3 23 17 15 12 14 23 9 12 9 16 18 5 14 13 8 14 23 9 18 21 23 18 12 14 13 15 10 6 28 17 16 14 15 18 13 3 17 16 10 7 9 3 25 17 7 17 25 14 11 17 11 25 6 14 14 14 11 18 3 18 15 25 18 18 18 8 21 9 3 17 7 11 11 20 8 16 17 10 9 15 18 18 28 22 11 17 20 16 11 7 18 14 21 18 22 17 13 10 22 11 16 28 11 21 18 16 15 6 13 21 15 18 13 8 3 14 16 13 11 15 9 15 13 7 18 11 9 25 14 25 13 28 22 21 14 10 7 9 14 18 22 16 16 24 13 10 15 11 14 11 17 25 3 18 8 13 8 5 18 16 16 21 25 25 25 14 8 20 16 12 17 22 12 25 18 17 14 20 13 21 9 12 16 12 17 18 15 13 16 6 14 12 11 3 12 17 20 25 25 17 24 13 16 7 20 13 22 9 11 21 21 17 14 15 13 7 5 22 14 17 11 11 10 21 14 18 10 11 25]

Experimento G: 
Set de resultado:
[31, [15, [7, [3, [1, [0, [], []], [2, [], []]], [5, [4, [], []], [6, [], []]]], [11, [9, [8, [], []], [10, [], []]], [13, [12, [], []], [14, [], []]]]], [23, [19, [17, [16, [], []], [18, [], []]], [21, [20, [], []], [22, [], []]]], [27, [25, [24, [], []], [26, [], []]], [29, [28, [], []], [30, [], []]]]]], [47, [39, [35, [33, [32, [], []], [34, [], []]], [37, [36, [], []], [38, [], []]]], [43, [41, [40, [], []], [42, [], []]], [45, [44, [], []], [46, [], []]]]], [51, [49, [48, [], []], [50, [], []]], [52, [], []]]]]

Experimento I: Semilla = 17 
[TS] Set X:
[20 3 9 26 43 12 8 4 11 22 1 35 33 18 21 52 30 44 51 5 16 50 23 28 6 38 17 0 46 42 25 2 10 24 13 15 36 19 14 37 47 39 32 41 34 45 29 27 7 49 48 40 31]

[TS] Set Y:
[4940 15580 20072 17860 17112 7760 19822 16044 8536 6804 19176 12512 384 2646 14820 11160 5180 3330 1472 11842 9600 7770 4114 16598 1910 1104 12540 13510 13690 16280 3040 6426 7258 17010 15360 3840 9776 2304 6144 10416 9024 4464 17856 18326 13464 13984 8832 5610 12160 10904 744 18300 10368]

[TOS] Set X:
[25 20 41 15 49 50 14 31 38 26 30 35 51 22 2 0 47 32 45 11 4 37 16 33 28 19 3 46 42 13 6 7 43 34 21 24 27 23 18 48 1 40 44 8 10 9 29 52 12 36 39 5 17]

[TOS] Set Y:
[3800 3800 4114 3840 3760 3700 3840 3840 3680 3800 3700 3680 4048 4158 3780 3860 3760 3720 3680 3880 3820 3720 3840 3840 3860 3840 3800 3700 3700 4224 4202 3800 4092 4114 4180 4158 3740 3740 4158 3720 3760 3660 4070 3740 3820 3860 3840 4092 4268 3760 4092 4202 3800]

[TOQ] Set X:
[40 17 26 48 9 30 44 3 11 29 12 32 24 7 37 43 23 21 50 1 16 35 47 28 46 34 27 39 33 5 2 42 15 22 51 18 52 38 20 31 13 25 6 4 0 36 8 10 19 14 41 49 45]

[TOQ] Set Y:
[3660 3800 3800 3720 3860 3700 4070 3800 3880 3840 4268 3720 4158 3800 3720 4092 3740 4180 3700 3760 3840 3680 3760 3860 3700 4114 3740 4092 3840 4202 3780 3700 3840 4158 4048 4158 4092 3680 3800 3840 4224 3800 4202 3820 3860 3760 3740 3820 3840 3840 4114 3760 3680]

[ABB] Set X:
[34 9 45 16 27 33 18 31 7 38 21 22 39 6 11 24 10 19 51 12 47 5 49 52 17 8 13 25 15 41 20 43 14 4 1 40 29 46 48 37 28 42 32 3 30 0 23 36 35 2 44 50 26]

[ABB] Set Y:
[3366 5211 3864 3456 3366 576 2268 3456 4560 1656 4560 3969 2790 1146 5238 3402 4011 1728 1656 4656 2820 2292 2820 2232 3990 5610 5184 2280 2880 3927 3420 3906 3456 3438 2820 4392 4032 3330 1116 2790 4632 3330 3906 2850 2775 2316 2805 2256 2760 1701 2220 2220 3990]

[ABBDSW] Set X:
[35 33 46 41 7 2 15 23 42 4 49 40 36 17 50 28 5 37 20 29 47 34 45 30 10 24 31 52 39 14 1 13 32 26 51 22 48 12 3 6 43 21 19 18 27 0 8 9 44 25 38 11 16]

[ABBDSW] Set Y:
[2208 2880 3330 2805 1710 3402 1152 1683 3330 3438 2256 3294 3384 2850 2775 3474 2865 2790 3420 2880 1128 3366 2760 3330 3438 3402 576 2232 1674 3456 2820 2880 3348 3420 1656 3402 2790 3492 2280 3438 2232 2850 2304 3402 2244 3474 3366 2895 3330 2850 3312 2328 3456]

---------------------------------------
N = 800
Experimento A: 
n = 800 y seed = 14

[1 50 4 12 16 36 47 29 7 6 31 14 44 15 7 37 4 42 30 9 29 2 11 0 11 52 39 12 39 16 25 43 43 36 39 42 6 4 11 7 32 28 30 27 17 0 7 32 12 28 12 39 19 23 28 12 36 2 38 6 12 20 6 38 51 3 2 0 49 25 28 19 23 31 29 21 24 4 41 8 20 14 28 16 9 44 45 24 8 24 37 19 19 5 40 14 6 42 37 30 39 46 26 31 48 34 28 34 50 42 22 3 28 0 10 27 52 12 9 2 52 27 36 13 45 9 21 9 14 28 0 7 29 14 43 43 20 37 27 28 4 46 3 32 17 20 26 4 42 33 7 14 24 30 35 7 52 47 2 4 22 48 35 37 19 35 7 2 45 40 7 22 30 31 37 27 25 6 8 34 32 1 24 26 49 33 34 20 25 51 2 33 11 34 51 14 9 3 5 14 36 9 6 35 3 35 18 22 33 45 24 11 22 22 41 38 40 2 33 14 51 36 36 28 19 20 14 44 52 24 22 26 8 12 5 29 10 20 18 51 41 31 40 41 12 43 39 50 12 5 32 8 5 40 17 4 27 6 49 21 42 45 39 38 33 15 4 23 36 24 52 46 49 51 22 18 2 11 3 9 37 8 12 21 31 25 51 52 35 26 12 32 32 13 37 50 24 18 3 36 43 9 33 41 38 37 38 48 45 32 20 21 9 11 11 15 38 10 32 47 43 12 47 9 22 34 1 28 49 40 2 30 16 47 14 17 46 23 20 6 35 0 18 33 0 14 10 9 11 14 13 23 32 51 10 39 12 2 18 40 21 43 1 24 23 51 48 12 1 43 36 36 25 21 35 45 25 36 9 22 18 52 13 18 40 37 45 16 2 23 16 52 46 46 0 37 49 36 29 41 9 29 52 13 15 42 52 23 50 39 8 16 44 3 47 47 48 4 8 46 11 44 33 11 37 49 52 31 3 40 29 36 17 15 34 43 5 10 50 35 41 42 7 29 51 41 28 42 3 43 24 23 1 12 50 23 9 18 51 25 29 25 10 31 6 1 50 20 48 31 14 47 13 45 6 23 24 45 9 37 11 29 6 0 44 33 48 35 34 21 50 38 36 29 44 7 14 21 32 50 38 52 31 6 38 14 5 17 31 30 43 13 0 15 22 11 34 1 12 47 25 24 49 32 9 14 25 2 22 7 48 27 28 20 29 18 29 17 4 30 4 34 24 8 8 35 4 41 24 22 29 6 50 27 48 45 35 18 6 31 30 46 30 38 18 41 46 30 1 20 3 24 30 19 24 37 16 21 20 18 14 43 27 18 22 30 28 39 42 3 40 26 38 32 46 15 27 9 10 42 26 23 2 18 37 23 5 32 24 7 36 48 4 11 44 49 13 52 27 33 15 7 40 21 27 52 9 45 17 30 8 1 51 45 1 31 10 8 39 27 32 27 18 25 47 32 8 8 38 2 26 46 22 45 21 50 35 38 44 22 7 51 25 13 42 48 0 25 17 12 20 3 21 13 34 2 37 0 25 20 10 5 25 40 48 49 2 45 43 24 7 52 50 19 42 44 14 51 33 19 43 50 1 51 29 52 16 32 27 2 23 32 35 8 24 34 2 34 36 21 51 10 42 29 40 40 40 3 39 1 32 32 50 1 1 46 37 38 32 43 17 23 40 44 26 30 23 47 28 38 17 16 6 30 5 6 30 8 4 15 30 23 31 26 23 39 35 22 45 5 14 20 7 44 4 3 51 33 22 41 35 23 17 11 48 16 40 17 20 29 21 27 2 26 30 20 30 43 16 17]

Experimento B: 
Set de entrada:
[0 0 0 0 0 0 0 0 0 0 0 0 0 0 0 0 0 0 0 0 0 0 0 0 0 0 0 0 0 0 0 0 0 0 0 0 0 0 0 0 0 0 0 0 0 0 0 0 0 0 0 0 0 0]
Set de resultado:
[12 15 20 15 16 11 17 17 16 19 11 15 18 10 20 9 12 14 16 9 18 15 18 19 20 16 11 16 15 18 20 14 21 13 13 16 17 17 16 13 17 11 14 17 12 16 12 11 13 10 15 17 17 0]

Experimento C: 
Set de entrada:
[]
Set de resultado:
[1 3 5 7 9 11 13 15 17 19 21 23 25 27 18 29 6 31 33 35 16 37 39 41 40 43 45 8 46 10 47 49 50 12 46 32 20 6 40 18 51 53 34 55 57 42 18 52 8 54 8 46 59 61 54 8 12 38 63 20 8 65 20 64 67 69 38 42 71 48 54 60 62 22 16 73 75 6 77 79 66 24 54 10 36 26 81 76 80 76 30 60 60 83 85 24 20 32 30 34 46 87 89 22 91 93 54 94 4 32 95 70 54 42 97 56 44 8 36 38 44 56 12 99 82 36 74 36 24 54 42 18 16 24 50 50 66 30 56 54 6 88 70 52 58 66 90 6 32 101 18 24 76 34 103 18 44 14 38 6 96 92 104 30 60 104 18 38 82 86 18 96 34 22 30 56 48 20 80 94 52 2 76 90 72 102 94 66 48 68 38 102 40 94 68 24 36 70 84 24 12 36 20 104 70 104 105 96 102 82 76 40 96 96 78 64 86 38 102 24 68 12 12 54 60 66 24 26 44 76 96 90 80 8 84 16 98 66 106 68 78 22 86 78 8 50 46 4 8 84 52 80 84 86 58 6 56 20 72 74 32 82 46 64 102 28 6 62 12 76 44 88 72 68 96 106 38 40 70 36 30 80 8 74 22 48 68 44 104 90 8 52 52 100 30 4 76 106 70 12 50 36 102 78 64 30 64 92 82 52 66 74 36 40 40 28 64 98 52 14 50 8 14 36 96 94 2 54 72 86 38 34 10 14 24 58 88 62 66 20 104 42 106 102 42 24 98 36 40 24 100 62 52 68 98 46 8 38 106 86 74 50 2 76 62 68 92 8 2 50 12 12 48 74 104 82 48 12 36 96 106 44 100 106 86 30 82 10 38 62 10 44 88 88 42 30 72 12 16 78 36 16 44 100 28 32 44 62 4 46 80 10 26 70 14 14 92 6 80 88 40 26 102 40 30 72 44 22 70 86 16 12 58 28 94 50 84 98 4 104 78 32 18 16 68 78 54 32 70 50 76 62 2 8 4 62 36 106 68 48 16 48 98 22 20 2 4 66 92 22 24 14 100 82 20 62 76 82 36 30 40 16 20 42 26 102 92 104 94 74 4 64 12 16 26 18 24 74 52 4 64 44 22 20 64 24 84 58 22 34 50 100 42 28 96 40 94 2 8 14 48 76 72 52 36 24 48 38 96 18 92 56 54 66 16 106 16 58 6 34 6 94 76 80 80 104 6 78 76 96 16 20 4 56 92 82 104 106 20 22 34 88 34 64 106 78 88 34 2 66 70 76 34 60 76 30 10 74 66 106 24 50 56 106 96 34 54 46 32 70 86 90 64 52 88 28 56 36 98 32 90 62 38 106 30 62 84 52 76 18 12 92 6 40 26 72 100 44 56 102 28 18 86 74 56 44 36 82 58 34 80 2 68 82 2 22 98 80 46 56 52 56 106 48 14 52 80 80 64 38 90 88 96 82 74 4 104 64 26 96 18 68 48 100 32 92 42 48 58 8 66 70 74 100 94 38 30 42 48 66 98 84 48 86 92 72 38 82 50 76 18 44 4 60 32 26 24 68 102 60 50 4 2 68 16 44 10 52 56 38 62 52 104 80 76 94 38 94 12 74 68 98 32 16 86 86 86 70 46 2 52 52 4 2 2 88 30 64 52 50 58 62 86 26 90 34 62 14 54 64 58 10 20 34 84 20 34 80 6 28 34 62 22 90 62 46 104 96 82 84 24 66 18 26 6 70 68 102 96 78 104 62 58 40 92 10 86 58 66 16 74 56 38 90 34 66 34 50 10 58]

Experimento D: 
Set de entrada:
[0 0 0 0 0 0 0 0 0 0 0 0 0 0 0 0 0 0 0 0 0 0 0 0 0 0 0 0 0 0 0 0 0 0 0 0 0 0 0 0 0 0 0 0 0 0 0 0 0 0 0 0 0 0 0 0 0 0 0 0 0 0 0 0 0 0 0 0 0 0 0 0 0 0 0 0 0 0 0 0 0 0 0 0 0 0 0 0 0 0 0 0 0 0 0 0 0 0 0 0 0 0 0 0 0 0 0 0 0 0 0 0 0 0 0 0 0 0 0 0 0 0 0 0 0 0 0 0 0 0 0 0 0 0 0 0 0 0 0 0 0 0 0 0 0 0 0 0 0 0 0 0 0 0 0 0 0 0 0 0 0 0 0 0 0 0 0 0 0 0 0 0 0 0 0 0 0 0 0 0 0 0 0 0 0 0 0 0 0 0 0 0 0 0 0 0 0 0 0 0 0 0 0 0 0 0 0 0 0 0 0 0 0 0 0 0 0 0 0 0 0 0 0 0 0 0 0 0 0 0 0 0 0 0 0 0 0 0 0 0 0 0 0 0 0 0 0 0 0 0 0 0 0 0 0 0 0 0 0 0 0 0 0 0 0 0 0 0 0 0 0 0 0 0 0 0 0 0 0 0 0 0 0 0 0 0 0 0 0 0 0 0 0 0 0 0 0 0 0 0 0 0 0 0 0 0 0 0 0 0 0 0 0 0 0 0 0 0 0 0 0 0 0 0 0 0 0 0 0 0 0 0 0 0 0 0 0 0 0 0 0 0 0 0 0 0 0 0 0 0 0 0 0 0 0 0 0 0 0 0 0 0 0 0 0 0 0 0 0 0 0 0 0 0 0 0 0 0 0 0 0 0 0 0 0 0 0 0 0 0 0 0 0 0 0 0 0 0 0 0 0 0 0 0 0 0 0 0 0 0 0 0 0 0 0 0 0 0 0 0 0 0 0 0 0 0 0 0 0 0 0 0 0 0 0 0 0 0 0 0 0 0 0 0 0 0 0 0 0 0 0 0 0 0 0 0 0 0 0 0 0 0 0 0 0 0 0 0 0 0 0 0 0 0 0 0 0 0 0 0 0 0 0 0 0 0 0 0 0 0 0 0 0 0 0 0 0 0 0 0 0 0 0 0 0 0 0 0 0 0 0 0 0 0 0 0 0 0 0 0 0 0 0 0 0 0 0 0 0 0 0 0 0 0 0 0 0 0 0 0 0 0 0 0 0 0 0 0 0 0 0 0 0 0 0 0 0 0 0 0 0 0 0 0 0 0 0 0 0 0 0 0 0 0 0 0 0 0 0 0 0 0 0 0 0 0 0 0 0 0 0 0 0 0 0 0 0 0 0 0 0 0 0 0 0 0 0 0 0 0 0 0 0 0 0 0 0 0 0 0 0 0 0 0 0 0 0 0 0 0 0 0 0 0 0 0 0 0 0 0 0 0 0 0 0 0 0 0 0 0 0 0 0 0 0 0 0 0 0 0 0 0 0 0 0 0 0 0 0 0 0 0 0 0 0 0 0 0 0 0 0 0 0 0 0 0 0 0 0 0 0 0 0 0 0 0 0 0 0 0 0 0 0 0 0 0 0 0 0 0 0 0 0 0 0 0 0 0 0 0 0 0 0 0 0 0 0 0 0 0 0 0 0 0 0 0 0 0 0 0 0 0 0 0 0 0 0 0 0 0 0 0 0 0 0 0 0 0 0 0 0 0 0 0 0 0 0 0 0 0 0 0 0 0 0 0 0 0 0 0 0 0 0 0 0 0 0 0 0 0 0 0 0 0 0 0 0 0 0 0]
Set de resultado:
[0 0 0 0 0 0 0 0 0 0 0 0 1 1 1 1 1 1 1 1 1 1 1 1 1 1 1 2 2 2 2 2 2 2 2 2 2 2 2 2 2 2 2 2 2 2 2 3 3 3 3 3 3 3 3 3 3 3 3 3 3 3 4 4 4 4 4 4 4 4 4 4 4 4 4 4 4 4 5 5 5 5 5 5 5 5 5 5 5 6 6 6 6 6 6 6 6 6 6 6 6 6 6 6 6 6 7 7 7 7 7 7 7 7 7 7 7 7 7 7 7 7 7 8 8 8 8 8 8 8 8 8 8 8 8 8 8 8 8 9 9 9 9 9 9 9 9 9 9 9 9 9 9 9 9 9 9 9 10 10 10 10 10 10 10 10 10 10 10 11 11 11 11 11 11 11 11 11 11 11 11 11 11 11 12 12 12 12 12 12 12 12 12 12 12 12 12 12 12 12 12 12 13 13 13 13 13 13 13 13 13 13 14 14 14 14 14 14 14 14 14 14 14 14 14 14 14 14 14 14 14 14 15 15 15 15 15 15 15 15 15 16 16 16 16 16 16 16 16 16 16 16 16 17 17 17 17 17 17 17 17 17 17 17 17 17 17 18 18 18 18 18 18 18 18 18 18 18 18 18 18 18 18 19 19 19 19 19 19 19 19 19 20 20 20 20 20 20 20 20 20 20 20 20 20 20 20 20 20 20 21 21 21 21 21 21 21 21 21 21 21 21 21 21 21 22 22 22 22 22 22 22 22 22 22 22 22 22 22 22 22 22 22 23 23 23 23 23 23 23 23 23 23 23 23 23 23 23 23 23 23 23 24 24 24 24 24 24 24 24 24 24 24 24 24 24 24 24 24 24 24 24 25 25 25 25 25 25 25 25 25 25 25 25 25 25 25 25 26 26 26 26 26 26 26 26 26 26 26 27 27 27 27 27 27 27 27 27 27 27 27 27 27 27 27 28 28 28 28 28 28 28 28 28 28 28 28 28 28 28 29 29 29 29 29 29 29 29 29 29 29 29 29 29 29 29 29 29 30 30 30 30 30 30 30 30 30 30 30 30 30 30 30 30 30 30 30 30 31 31 31 31 31 31 31 31 31 31 31 31 31 31 32 32 32 32 32 32 32 32 32 32 32 32 32 32 32 32 32 32 32 32 32 33 33 33 33 33 33 33 33 33 33 33 33 33 34 34 34 34 34 34 34 34 34 34 34 34 34 35 35 35 35 35 35 35 35 35 35 35 35 35 35 35 35 36 36 36 36 36 36 36 36 36 36 36 36 36 36 36 36 36 37 37 37 37 37 37 37 37 37 37 37 37 37 37 37 37 37 38 38 38 38 38 38 38 38 38 38 38 38 38 38 38 38 39 39 39 39 39 39 39 39 39 39 39 39 39 40 40 40 40 40 40 40 40 40 40 40 40 40 40 40 40 40 41 41 41 41 41 41 41 41 41 41 41 42 42 42 42 42 42 42 42 42 42 42 42 42 42 43 43 43 43 43 43 43 43 43 43 43 43 43 43 43 43 43 44 44 44 44 44 44 44 44 44 44 44 44 45 45 45 45 45 45 45 45 45 45 45 45 45 45 45 45 46 46 46 46 46 46 46 46 46 46 46 46 47 47 47 47 47 47 47 47 47 47 47 48 48 48 48 48 48 48 48 48 48 48 48 48 49 49 49 49 49 49 49 49 49 49 50 50 50 50 50 50 50 50 50 50 50 50 50 50 50 51 51 51 51 51 51 51 51 51 51 51 51 51 51 51 51 51 52 52 52 52 52 52 52 52 52 52 52 52 52 52 52 52 52]

Experimento E: 
Set de entrada:
[0 0 0 0 0 0 0 0 0 0 0 0 0 0 0 0 0 0 0 0 0 0 0 0 0 0 0 0 0 0 0 0 0 0 0 0 0 0 0 0 0 0 0 0 0 0 0 0 0 0 0 0 0 0 0 0 0 0 0 0 0 0 0 0 0 0 0 0 0 0 0 0 0 0 0 0 0 0 0 0 0 0 0 0 0 0 0 0 0 0 0 0 0 0 0 0 0 0 0 0 0 0 0 0 0 0 0 0 0 0 0 0 0 0 0 0 0 0 0 0 0 0 0 0 0 0 0 0 0 0 0 0 0 0 0 0 0 0 0 0 0 0 0 0 0 0 0 0 0 0 0 0 0 0 0 0 0 0 0 0 0 0 0 0 0 0 0 0 0 0 0 0 0 0 0 0 0 0 0 0 0 0 0 0 0 0 0 0 0 0 0 0 0 0 0 0 0 0 0 0 0 0 0 0 0 0 0 0 0 0 0 0 0 0 0 0 0 0 0 0 0 0 0 0 0 0 0 0 0 0 0 0 0 0 0 0 0 0 0 0 0 0 0 0 0 0 0 0 0 0 0 0 0 0 0 0 0 0 0 0 0 0 0 0 0 0 0 0 0 0 0 0 0 0 0 0 0 0 0 0 0 0 0 0 0 0 0 0 0 0 0 0 0 0 0 0 0 0 0 0 0 0 0 0 0 0 0 0 0 0 0 0 0 0 0 0 0 0 0 0 0 0 0 0 0 0 0 0 0 0 0 0 0 0 0 0 0 0 0 0 0 0 0 0 0 0 0 0 0 0 0 0 0 0 0 0 0 0 0 0 0 0 0 0 0 0 0 0 0 0 0 0 0 0 0 0 0 0 0 0 0 0 0 0 0 0 0 0 0 0 0 0 0 0 0 0 0 0 0 0 0 0 0 0 0 0 0 0 0 0 0 0 0 0 0 0 0 0 0 0 0 0 0 0 0 0 0 0 0 0 0 0 0 0 0 0 0 0 0 0 0 0 0 0 0 0 0 0 0 0 0 0 0 0 0 0 0 0 0 0 0 0 0 0 0 0 0 0 0 0 0 0 0 0 0 0 0 0 0 0 0 0 0 0 0 0 0 0 0 0 0 0 0 0 0 0 0 0 0 0 0 0 0 0 0 0 0 0 0 0 0 0 0 0 0 0 0 0 0 0 0 0 0 0 0 0 0 0 0 0 0 0 0 0 0 0 0 0 0 0 0 0 0 0 0 0 0 0 0 0 0 0 0 0 0 0 0 0 0 0 0 0 0 0 0 0 0 0 0 0 0 0 0 0 0 0 0 0 0 0 0 0 0 0 0 0 0 0 0 0 0 0 0 0 0 0 0 0 0 0 0 0 0 0 0 0 0 0 0 0 0 0 0 0 0 0 0 0 0 0 0 0 0 0 0 0 0 0 0 0 0 0 0 0 0 0 0 0 0 0 0 0 0 0 0 0 0 0 0 0 0 0 0 0 0 0 0 0 0 0 0 0 0 0 0 0 0 0 0 0 0 0 0 0 0 0 0 0 0 0 0 0 0 0 0 0 0 0 0 0 0 0 0 0 0 0 0 0 0 0 0 0 0 0 0 0 0 0 0 0 0 0 0 0 0 0 0 0 0 0 0 0 0 0 0 0 0 0 0 0 0 0 0 0 0 0 0 0 0 0 0 0 0 0 0 0 0 0 0 0 0 0 0 0 0 0 0 0 0 0 0 0 0 0 0 0 0 0 0 0 0 0 0 0 0 0 0 0 0 0 0 0 0 0 0 0 0 0 0 0 0 0 0 0 0 0 0 0 0 0]
Set de resultado:
[0 0 0 0 0 0 0 0 0 0 0 0 1 1 1 1 1 1 1 1 1 1 1 1 1 1 1 2 2 2 2 2 2 2 2 2 2 2 2 2 2 2 2 2 2 2 2 3 3 3 3 3 3 3 3 3 3 3 3 3 3 3 4 4 4 4 4 4 4 4 4 4 4 4 4 4 4 4 5 5 5 5 5 5 5 5 5 5 5 6 6 6 6 6 6 6 6 6 6 6 6 6 6 6 6 6 7 7 7 7 7 7 7 7 7 7 7 7 7 7 7 7 7 8 8 8 8 8 8 8 8 8 8 8 8 8 8 8 8 9 9 9 9 9 9 9 9 9 9 9 9 9 9 9 9 9 9 9 10 10 10 10 10 10 10 10 10 10 10 11 11 11 11 11 11 11 11 11 11 11 11 11 11 11 12 12 12 12 12 12 12 12 12 12 12 12 12 12 12 12 12 12 13 13 13 13 13 13 13 13 13 13 14 14 14 14 14 14 14 14 14 14 14 14 14 14 14 14 14 14 14 14 15 15 15 15 15 15 15 15 15 16 16 16 16 16 16 16 16 16 16 16 16 17 17 17 17 17 17 17 17 17 17 17 17 17 17 18 18 18 18 18 18 18 18 18 18 18 18 18 18 18 18 19 19 19 19 19 19 19 19 19 20 20 20 20 20 20 20 20 20 20 20 20 20 20 20 20 20 20 21 21 21 21 21 21 21 21 21 21 21 21 21 21 21 22 22 22 22 22 22 22 22 22 22 22 22 22 22 22 22 22 22 23 23 23 23 23 23 23 23 23 23 23 23 23 23 23 23 23 23 23 24 24 24 24 24 24 24 24 24 24 24 24 24 24 24 24 24 24 24 24 25 25 25 25 25 25 25 25 25 25 25 25 25 25 25 25 26 26 26 26 26 26 26 26 26 26 26 27 27 27 27 27 27 27 27 27 27 27 27 27 27 27 27 28 28 28 28 28 28 28 28 28 28 28 28 28 28 28 29 29 29 29 29 29 29 29 29 29 29 29 29 29 29 29 29 29 30 30 30 30 30 30 30 30 30 30 30 30 30 30 30 30 30 30 30 30 31 31 31 31 31 31 31 31 31 31 31 31 31 31 32 32 32 32 32 32 32 32 32 32 32 32 32 32 32 32 32 32 32 32 32 33 33 33 33 33 33 33 33 33 33 33 33 33 34 34 34 34 34 34 34 34 34 34 34 34 34 35 35 35 35 35 35 35 35 35 35 35 35 35 35 35 35 36 36 36 36 36 36 36 36 36 36 36 36 36 36 36 36 36 37 37 37 37 37 37 37 37 37 37 37 37 37 37 37 37 37 38 38 38 38 38 38 38 38 38 38 38 38 38 38 38 38 39 39 39 39 39 39 39 39 39 39 39 39 39 40 40 40 40 40 40 40 40 40 40 40 40 40 40 40 40 40 41 41 41 41 41 41 41 41 41 41 41 42 42 42 42 42 42 42 42 42 42 42 42 42 42 43 43 43 43 43 43 43 43 43 43 43 43 43 43 43 43 43 44 44 44 44 44 44 44 44 44 44 44 44 45 45 45 45 45 45 45 45 45 45 45 45 45 45 45 45 46 46 46 46 46 46 46 46 46 46 46 46 47 47 47 47 47 47 47 47 47 47 47 48 48 48 48 48 48 48 48 48 48 48 48 48 49 49 49 49 49 49 49 49 49 49 50 50 50 50 50 50 50 50 50 50 50 50 50 50 50 51 51 51 51 51 51 51 51 51 51 51 51 51 51 51 51 51 52 52 52 52 52 52 52 52 52 52 52 52 52 52 52 52 52]

Experimento F: 
Set de entrada:
[1 50 4 12 16 36 47 29 7 6 31 14 44 15 7 37 4 42 30 9 29 2 11 0 11 52 39 12 39 16 25 43 43 36 39 42 6 4 11 7 32 28 30 27 17 0 7 32 12 28 12 39 19 23 28 12 36 2 38 6 12 20 6 38 51 3 2 0 49 25 28 19 23 31 29 21 24 4 41 8 20 14 28 16 9 44 45 24 8 24 37 19 19 5 40 14 6 42 37 30 39 46 26 31 48 34 28 34 50 42 22 3 28 0 10 27 52 12 9 2 52 27 36 13 45 9 21 9 14 28 0 7 29 14 43 43 20 37 27 28 4 46 3 32 17 20 26 4 42 33 7 14 24 30 35 7 52 47 2 4 22 48 35 37 19 35 7 2 45 40 7 22 30 31 37 27 25 6 8 34 32 1 24 26 49 33 34 20 25 51 2 33 11 34 51 14 9 3 5 14 36 9 6 35 3 35 18 22 33 45 24 11 22 22 41 38 40 2 33 14 51 36 36 28 19 20 14 44 52 24 22 26 8 12 5 29 10 20 18 51 41 31 40 41 12 43 39 50 12 5 32 8 5 40 17 4 27 6 49 21 42 45 39 38 33 15 4 23 36 24 52 46 49 51 22 18 2 11 3 9 37 8 12 21 31 25 51 52 35 26 12 32 32 13 37 50 24 18 3 36 43 9 33 41 38 37 38 48 45 32 20 21 9 11 11 15 38 10 32 47 43 12 47 9 22 34 1 28 49 40 2 30 16 47 14 17 46 23 20 6 35 0 18 33 0 14 10 9 11 14 13 23 32 51 10 39 12 2 18 40 21 43 1 24 23 51 48 12 1 43 36 36 25 21 35 45 25 36 9 22 18 52 13 18 40 37 45 16 2 23 16 52 46 46 0 37 49 36 29 41 9 29 52 13 15 42 52 23 50 39 8 16 44 3 47 47 48 4 8 46 11 44 33 11 37 49 52 31 3 40 29 36 17 15 34 43 5 10 50 35 41 42 7 29 51 41 28 42 3 43 24 23 1 12 50 23 9 18 51 25 29 25 10 31 6 1 50 20 48 31 14 47 13 45 6 23 24 45 9 37 11 29 6 0 44 33 48 35 34 21 50 38 36 29 44 7 14 21 32 50 38 52 31 6 38 14 5 17 31 30 43 13 0 15 22 11 34 1 12 47 25 24 49 32 9 14 25 2 22 7 48 27 28 20 29 18 29 17 4 30 4 34 24 8 8 35 4 41 24 22 29 6 50 27 48 45 35 18 6 31 30 46 30 38 18 41 46 30 1 20 3 24 30 19 24 37 16 21 20 18 14 43 27 18 22 30 28 39 42 3 40 26 38 32 46 15 27 9 10 42 26 23 2 18 37 23 5 32 24 7 36 48 4 11 44 49 13 52 27 33 15 7 40 21 27 52 9 45 17 30 8 1 51 45 1 31 10 8 39 27 32 27 18 25 47 32 8 8 38 2 26 46 22 45 21 50 35 38 44 22 7 51 25 13 42 48 0 25 17 12 20 3 21 13 34 2 37 0 25 20 10 5 25 40 48 49 2 45 43 24 7 52 50 19 42 44 14 51 33 19 43 50 1 51 29 52 16 32 27 2 23 32 35 8 24 34 2 34 36 21 51 10 42 29 40 40 40 3 39 1 32 32 50 1 1 46 37 38 32 43 17 23 40 44 26 30 23 47 28 38 17 16 6 30 5 6 30 8 4 15 30 23 31 26 23 39 35 22 45 5 14 20 7 44 4 3 51 33 22 41 35 23 17 11 48 16 40 17 20 29 21 27 2 26 30 20 30 43 16 17]
Set de resultado:
[1, [0, [], []], [50, [4, [2, [], [3, [], []]], [12, [7, [6, [5, [], []], []], [9, [8, [], []], [11, [10, [], []], []]]], [16, [14, [13, [], []], [15, [], []]], [36, [29, [25, [17, [], [19, [18, [], []], [23, [20, [], [21, [], [22, [], []]]], [24, [], []]]]], [28, [27, [26, [], []], []], []]], [31, [30, [], []], [32, [], [34, [33, [], []], [35, [], []]]]]], [47, [44, [37, [], [42, [39, [38, [], []], [41, [40, [], []], []]], [43, [], []]]], [45, [], [46, [], []]]], [49, [48, [], []], []]]]]]], [52, [51, [], []], []]]]

Comparaciones: 
[1 3 6 8 10 12 14 15 11 14 17 13 17 15 13 20 8 22 20 13 17 9 15 4 17 5 25 10 27 12 18 24 26 14 27 24 16 8 17 13 19 20 22 23 21 6 13 21 10 22 10 27 23 25 22 10 14 11 28 16 10 28 16 30 8 11 11 6 16 20 22 25 27 19 17 30 27 8 27 16 30 15 22 12 15 19 19 29 18 29 22 25 25 17 30 15 16 24 22 22 27 21 26 19 19 21 22 23 5 24 32 13 22 6 18 25 7 10 15 11 7 25 14 16 21 15 32 15 15 22 6 13 17 15 26 26 30 22 25 22 8 23 13 21 23 30 28 8 24 24 13 15 29 22 23 13 7 16 11 8 34 21 25 22 25 25 13 11 21 32 13 34 22 19 22 25 20 16 18 23 21 3 29 28 18 26 23 30 20 10 11 26 17 23 10 15 15 13 19 15 14 15 16 25 13 25 26 34 26 21 29 17 34 34 29 30 32 11 26 15 10 14 14 22 25 30 15 19 7 29 34 28 18 10 19 17 20 30 28 10 29 19 32 29 10 26 27 5 10 19 21 18 19 32 23 8 25 16 18 32 24 21 27 30 26 17 8 27 14 29 7 23 18 10 34 28 11 17 13 15 22 18 10 32 19 20 10 7 25 28 10 21 21 18 22 5 29 28 13 14 26 15 26 29 30 22 30 21 21 21 30 32 15 17 17 17 30 20 21 16 26 10 16 15 34 23 3 22 18 32 11 22 12 16 15 23 23 27 30 16 25 6 28 26 6 15 20 15 17 15 18 27 21 10 20 27 10 11 28 32 32 26 3 29 27 10 21 10 3 26 14 14 20 32 25 21 20 14 15 34 28 7 18 28 32 22 21 12 11 27 12 7 23 23 6 22 18 14 17 29 15 17 7 18 17 24 7 27 5 27 18 12 19 13 16 16 21 8 18 23 17 19 26 17 22 18 7 19 13 32 17 14 23 17 23 26 19 20 5 25 29 24 13 17 10 29 22 24 13 26 29 27 3 10 5 27 15 28 10 20 17 20 20 19 16 3 5 30 21 19 15 16 18 21 16 27 29 21 15 22 17 17 16 6 19 26 21 25 23 32 5 30 14 17 19 13 15 32 21 5 30 7 19 16 30 15 19 23 19 22 26 18 6 17 34 17 23 3 10 16 20 29 18 21 15 15 20 11 34 13 21 25 22 30 17 28 17 23 8 22 8 23 29 18 18 25 8 29 29 34 17 16 5 25 21 21 25 28 16 19 22 23 22 30 28 29 23 22 3 30 13 29 22 25 29 22 12 32 30 28 15 26 25 28 34 22 22 27 24 13 32 28 30 21 23 17 25 15 20 24 28 27 11 28 22 27 19 21 29 13 14 21 8 17 19 18 18 7 25 26 17 13 32 32 25 7 15 21 23 22 18 3 10 21 3 19 20 18 27 25 21 25 28 20 16 21 18 18 30 11 28 23 34 21 32 5 25 30 19 34 13 10 20 18 24 21 6 20 23 10 30 13 32 18 23 11 22 6 20 30 20 19 20 32 21 18 11 21 26 29 13 7 5 25 24 19 15 10 26 25 26 5 3 10 17 7 12 21 25 11 27 21 25 18 29 23 11 23 14 32 10 20 24 17 32 32 32 13 27 3 21 21 5 3 3 23 22 30 21 26 23 27 32 19 28 22 27 16 22 30 23 12 16 22 19 16 22 18 8 17 22 27 19 28 27 27 25 34 21 19 15 30 13 19 8 13 10 26 34 29 25 27 23 17 21 12 32 23 30 17 32 25 11 28 22 30 22 26 12 23]

Experimento G: 
Set de resultado:
[31, [15, [7, [3, [1, [0, [], []], [2, [], []]], [5, [4, [], []], [6, [], []]]], [11, [9, [8, [], []], [10, [], []]], [13, [12, [], []], [14, [], []]]]], [23, [19, [17, [16, [], []], [18, [], []]], [21, [20, [], []], [22, [], []]]], [27, [25, [24, [], []], [26, [], []]], [29, [28, [], []], [30, [], []]]]]], [47, [39, [35, [33, [32, [], []], [34, [], []]], [37, [36, [], []], [38, [], []]]], [43, [41, [40, [], []], [42, [], []]], [45, [44, [], []], [46, [], []]]]], [51, [49, [48, [], []], [50, [], []]], [52, [], []]]]]

Experimento I: Semilla = 17 
[TS] Set X:
[2 21 13 5 39 7 49 30 22 29 26 12 14 40 35 23 3 41 6 48 46 25 11 28 1 15 18 52 38 24 42 9 37 19 4 20 51 10 34 17 8 47 32 31 45 16 0 44 50 36 33 43 27]

[TS] Set Y:
[7182 14060 19200 16044 8556 3420 13536 6290 18144 3072 17100 1552 4608 15738 19136 11594 13300 14586 3820 17112 16280 9120 7760 10422 376 5376 20034 8184 11776 14364 5920 6948 5580 11520 1146 12540 12512 18718 17578 11020 14960 2632 9672 4224 15088 1920 8106 4810 740 2256 19584 9300 10472]

[TOS] Set X:
[45 46 24 5 4 15 51 10 36 31 7 11 40 17 16 39 33 44 3 1 9 26 28 18 27 8 42 12 49 38 29 2 43 19 22 41 0 23 47 14 32 34 20 30 50 13 25 21 6 52 35 37 48]

[TOS] Set Y:
[4048 4070 3780 3820 3820 4224 4048 4202 4136 3840 3800 4268 3660 3800 4224 4092 4224 4070 4180 3760 4246 4180 3860 4158 3740 4114 4070 3880 4136 4048 3840 4158 4092 4224 3780 4114 3860 3740 4136 3840 4092 4114 4180 4070 4070 4224 4180 4180 4202 4092 4048 4092 3720]

[TOQ] Set X:
[1 37 11 33 22 40 35 36 5 34 12 8 51 19 28 41 49 50 0 47 29 7 23 9 25 2 26 17 15 3 14 24 43 31 27 30 10 21 42 6 38 20 39 4 48 44 46 32 18 13 52 45 16]

[TOQ] Set Y:
[3760 4092 4268 4224 3780 3660 4048 4136 3820 4114 3880 4114 4048 4224 3860 4114 4136 4070 3860 4136 3840 3800 3740 4246 4180 4158 4180 3800 4224 4180 3840 3780 4092 3840 3740 4070 4202 4180 4070 4202 4048 4180 4092 3820 3720 4070 4070 4092 4158 4224 4092 4048 4224]

[ABB] Set X:
[16 7 20 29 25 30 35 8 2 12 10 14 49 24 38 11 28 31 41 21 44 36 4 5 9 48 23 40 43 39 33 0 15 51 13 52 26 50 19 46 42 22 34 6 45 17 27 3 18 32 1 37 47]

[ABB] Set Y:
[2880 2850 6840 4032 4560 4995 6072 3927 2268 2328 4584 3456 4512 6804 6624 4074 5211 4608 6732 7410 4440 3384 1719 4011 3474 5022 6171 7137 6138 6138 6336 1158 4032 2208 4032 1674 6270 1110 5760 5550 5550 7938 5610 3438 4968 5130 5610 2850 6237 5022 564 5022 3948]

[ABBDSW] Set X:
[11 39 28 14 34 38 10 5 6 1 16 40 51 18 41 13 9 44 26 43 22 52 20 24 29 21 2 12 3 4 0 36 42 17 50 8 33 49 27 30 23 31 37 35 19 7 45 48 15 32 47 46 25]

[ABBDSW] Set Y:
[2328 1674 3474 3456 3366 3312 3438 2865 3438 2820 3456 3294 1656 3402 2805 2880 2895 3330 3420 2232 3402 2232 3420 3402 2880 2850 3402 3492 2280 3438 3474 3384 3330 2850 2775 3366 2880 2256 2244 3330 1683 576 2790 2208 2304 1710 2760 2790 1152 3348 1128 3330 2850]

---------------------------------------
N = 1000
Experimento A: 
n = 1000 y seed = 15

[22 14 32 39 34 13 41 39 49 40 18 32 31 44 14 1 50 4 12 16 36 47 29 7 6 31 14 44 15 7 37 4 42 30 9 29 2 11 0 11 52 39 12 39 16 25 43 43 36 39 42 6 4 11 7 32 28 30 27 17 0 7 32 12 28 12 39 19 23 28 12 36 2 38 6 12 20 6 38 51 3 2 0 49 25 28 19 23 31 29 21 24 4 41 8 20 14 28 16 9 44 45 24 8 24 37 19 19 5 40 14 6 42 37 30 39 46 26 31 48 34 28 34 50 42 22 3 28 0 10 27 52 12 9 2 52 27 36 13 45 9 21 9 14 28 0 7 29 14 43 43 20 37 27 28 4 46 3 32 17 20 26 4 42 33 7 14 24 30 35 7 52 47 2 4 22 48 35 37 19 35 7 2 45 40 7 22 30 31 37 27 25 6 8 34 32 1 24 26 49 33 34 20 25 51 2 33 11 34 51 14 9 3 5 14 36 9 6 35 3 35 18 22 33 45 24 11 22 22 41 38 40 2 33 14 51 36 36 28 19 20 14 44 52 24 22 26 8 12 5 29 10 20 18 51 41 31 40 41 12 43 39 50 12 5 32 8 5 40 17 4 27 6 49 21 42 45 39 38 33 15 4 23 36 24 52 46 49 51 22 18 2 11 3 9 37 8 12 21 31 25 51 52 35 26 12 32 32 13 37 50 24 18 3 36 43 9 33 41 38 37 38 48 45 32 20 21 9 11 11 15 38 10 32 47 43 12 47 9 22 34 1 28 49 40 2 30 16 47 14 17 46 23 20 6 35 0 18 33 0 14 10 9 11 14 13 23 32 51 10 39 12 2 18 40 21 43 1 24 23 51 48 12 1 43 36 36 25 21 35 45 25 36 9 22 18 52 13 18 40 37 45 16 2 23 16 52 46 46 0 37 49 36 29 41 9 29 52 13 15 42 52 23 50 39 8 16 44 3 47 47 48 4 8 46 11 44 33 11 37 49 52 31 3 40 29 36 17 15 34 43 5 10 50 35 41 42 7 29 51 41 28 42 3 43 24 23 1 12 50 23 9 18 51 25 29 25 10 31 6 1 50 20 48 31 14 47 13 45 6 23 24 45 9 37 11 29 6 0 44 33 48 35 34 21 50 38 36 29 44 7 14 21 32 50 38 52 31 6 38 14 5 17 31 30 43 13 0 15 22 11 34 1 12 47 25 24 49 32 9 14 25 2 22 7 48 27 28 20 29 18 29 17 4 30 4 34 24 8 8 35 4 41 24 22 29 6 50 27 48 45 35 18 6 31 30 46 30 38 18 41 46 30 1 20 3 24 30 19 24 37 16 21 20 18 14 43 27 18 22 30 28 39 42 3 40 26 38 32 46 15 27 9 10 42 26 23 2 18 37 23 5 32 24 7 36 48 4 11 44 49 13 52 27 33 15 7 40 21 27 52 9 45 17 30 8 1 51 45 1 31 10 8 39 27 32 27 18 25 47 32 8 8 38 2 26 46 22 45 21 50 35 38 44 22 7 51 25 13 42 48 0 25 17 12 20 3 21 13 34 2 37 0 25 20 10 5 25 40 48 49 2 45 43 24 7 52 50 19 42 44 14 51 33 19 43 50 1 51 29 52 16 32 27 2 23 32 35 8 24 34 2 34 36 21 51 10 42 29 40 40 40 3 39 1 32 32 50 1 1 46 37 38 32 43 17 23 40 44 26 30 23 47 28 38 17 16 6 30 5 6 30 8 4 15 30 23 31 26 23 39 35 22 45 5 14 20 7 44 4 3 51 33 22 41 35 23 17 11 48 16 40 17 20 29 21 27 2 26 30 20 30 43 16 17 0 44 30 50 50 12 2 15 23 36 21 35 8 27 51 40 3 2 3 47 10 50 19 39 27 29 29 33 3 28 50 46 42 30 46 27 40 33 19 27 14 39 20 48 15 12 32 35 11 22 19 24 0 18 36 51 18 32 28 27 10 32 31 41 50 16 28 4 30 1 36 39 39 8 19 42 41 16 13 30 19 8 1 1 43 39 0 10 43 35 27 40 36 17 12 36 5 36 44 34 20 22 34 17 11 11 18 2 14 1 47 6 27 47 17 31 33 7 51 22 15 4 26 34 9 21 12 12 13 22 26 11 10 43 51 29 2 14 17 49 21 5 28 1 16 33 52 8 23 28 15 34 40 7 25 28 16 6 46 7 21 8 42 22 0 11 15 41 27 17 16 43 47 43 28 30 24 0 15 38 13 49 32 12 31]

Experimento B: 
Set de entrada:
[0 0 0 0 0 0 0 0 0 0 0 0 0 0 0 0 0 0 0 0 0 0 0 0 0 0 0 0 0 0 0 0 0 0 0 0 0 0 0 0 0 0 0 0 0 0 0 0 0 0 0 0 0 0]
Set de resultado:
[17 20 24 18 18 13 19 20 21 20 15 20 24 14 25 15 17 19 20 14 20 19 24 21 22 17 13 24 22 21 25 18 27 17 18 19 23 17 17 20 22 15 17 22 15 16 15 15 14 13 20 21 18 0]

Experimento C: 
Set de entrada:
[]
Set de resultado:
[1 3 5 7 9 11 13 8 15 17 19 6 21 23 4 25 27 29 31 33 35 37 39 41 43 22 4 24 45 42 47 30 49 51 53 40 55 57 59 58 61 8 32 8 34 63 65 66 36 8 50 44 30 58 42 6 67 52 69 71 60 42 6 32 68 32 8 73 75 68 32 36 56 77 44 32 79 44 78 81 83 56 60 16 64 68 74 76 22 40 85 87 30 14 89 80 4 68 34 54 24 91 88 90 88 48 74 74 93 18 4 44 50 48 52 8 95 97 22 99 10 68 10 28 50 2 84 68 60 101 70 62 32 54 56 62 70 36 12 92 54 86 54 4 68 60 42 40 4 66 66 80 48 70 68 30 96 84 6 72 80 98 30 50 103 42 4 88 52 105 42 62 38 56 30 2 100 106 48 74 106 42 56 92 18 42 2 52 22 48 70 64 44 90 10 6 26 88 98 16 104 10 80 64 82 56 104 58 10 82 4 54 84 94 4 36 54 44 106 84 106 20 2 104 92 88 58 2 2 14 78 18 56 104 4 82 36 36 68 74 80 4 24 62 88 2 98 90 32 94 40 102 80 20 82 14 22 18 14 32 66 8 28 32 94 6 90 94 18 72 30 70 44 16 86 50 92 8 78 104 46 30 76 36 88 62 96 16 82 2 20 56 58 84 54 48 90 32 86 22 64 82 62 106 98 32 6 6 12 48 28 88 20 84 36 66 54 104 14 78 48 78 100 92 6 80 86 54 58 58 46 78 102 6 38 66 32 38 54 2 10 26 68 16 18 56 52 34 38 4 72 96 76 80 44 106 60 20 104 60 4 102 54 58 4 12 76 6 82 102 8 32 56 20 18 86 66 26 88 76 82 100 32 26 66 36 36 64 86 106 92 64 36 54 2 20 62 12 20 18 48 92 34 56 76 34 62 96 96 60 48 16 36 40 14 54 40 62 12 46 50 62 76 28 8 90 34 24 84 38 38 100 30 90 96 58 24 104 58 48 16 62 22 84 18 40 36 72 46 10 66 94 102 28 106 14 50 42 40 82 14 68 50 84 66 88 76 26 32 28 76 54 20 82 64 40 64 102 22 44 26 28 80 100 22 4 38 12 92 44 76 88 92 54 48 58 40 44 60 24 104 100 106 10 86 28 78 36 40 24 42 4 86 6 28 78 62 22 44 78 4 94 72 22 52 66 12 60 46 2 58 10 26 32 38 64 88 16 6 54 4 64 56 2 42 100 70 68 80 40 20 40 72 30 52 30 10 88 90 90 106 30 14 88 2 40 44 28 70 100 92 106 20 44 22 52 96 52 78 20 14 96 52 26 80 84 88 52 74 88 48 34 86 80 20 4 66 70 20 2 52 68 8 50 84 18 98 78 6 96 46 70 54 102 50 98 76 56 20 48 76 94 6 88 42 36 100 30 58 24 16 12 62 70 104 46 42 18 86 70 62 54 92 72 52 90 26 82 92 26 22 102 90 8 70 6 70 20 64 38 6 90 90 78 56 98 96 2 92 86 28 106 78 24 2 42 82 64 12 50 100 60 64 72 32 80 84 86 12 10 56 48 60 64 80 102 94 64 18 100 16 56 92 66 88 42 62 28 74 50 24 4 82 104 74 66 28 26 82 40 62 34 6 70 56 76 6 106 90 88 10 56 10 36 86 82 102 50 40 18 18 18 84 8 26 6 6 28 26 26 96 48 78 6 66 72 76 18 24 98 52 76 38 68 78 72 34 44 52 94 44 52 90 30 46 52 76 22 98 76 8 106 2 92 94 4 80 42 24 30 84 82 104 2 14 106 76 72 58 100 34 18 72 80 40 86 70 56 98 52 80 52 66 34 72 60 24 52 28 28 32 56 46 76 36 86 106 90 70 82 18 84 56 84 38 102 28 74 8 70 40 40 104 84 68 28 96 50 52 96 70 18 104 74 70 4 8 80 100 46 32 6 106 58 2 74 88 60 20 36 82 20 6 68 70 102 6 22 14 28 34 68 30 52 26 36 8 8 90 74 50 14 34 12 52 74 90 26 26 66 8 60 102 66 106 70 18 36 72 32 36 94 36 24 10 80 2 10 72 58 58 20 56 4 26 38 44 70 38 72 22 104 42 82 2 46 30 98 10 54 86 32 32 12 2 98 58 102 66 82 40 56 4 72 16 86 94 68 26 34 104 62 90 76 68 46 10 18 42 64 68 34 44 96 42 86 90 50 2 60 58 46 14 70 72 34 66 38 66 68 52 88 60 46 78 12 16 6 32 22]

Experimento D: 
Set de entrada:
[0 0 0 0 0 0 0 0 0 0 0 0 0 0 0 0 0 0 0 0 0 0 0 0 0 0 0 0 0 0 0 0 0 0 0 0 0 0 0 0 0 0 0 0 0 0 0 0 0 0 0 0 0 0 0 0 0 0 0 0 0 0 0 0 0 0 0 0 0 0 0 0 0 0 0 0 0 0 0 0 0 0 0 0 0 0 0 0 0 0 0 0 0 0 0 0 0 0 0 0 0 0 0 0 0 0 0 0 0 0 0 0 0 0 0 0 0 0 0 0 0 0 0 0 0 0 0 0 0 0 0 0 0 0 0 0 0 0 0 0 0 0 0 0 0 0 0 0 0 0 0 0 0 0 0 0 0 0 0 0 0 0 0 0 0 0 0 0 0 0 0 0 0 0 0 0 0 0 0 0 0 0 0 0 0 0 0 0 0 0 0 0 0 0 0 0 0 0 0 0 0 0 0 0 0 0 0 0 0 0 0 0 0 0 0 0 0 0 0 0 0 0 0 0 0 0 0 0 0 0 0 0 0 0 0 0 0 0 0 0 0 0 0 0 0 0 0 0 0 0 0 0 0 0 0 0 0 0 0 0 0 0 0 0 0 0 0 0 0 0 0 0 0 0 0 0 0 0 0 0 0 0 0 0 0 0 0 0 0 0 0 0 0 0 0 0 0 0 0 0 0 0 0 0 0 0 0 0 0 0 0 0 0 0 0 0 0 0 0 0 0 0 0 0 0 0 0 0 0 0 0 0 0 0 0 0 0 0 0 0 0 0 0 0 0 0 0 0 0 0 0 0 0 0 0 0 0 0 0 0 0 0 0 0 0 0 0 0 0 0 0 0 0 0 0 0 0 0 0 0 0 0 0 0 0 0 0 0 0 0 0 0 0 0 0 0 0 0 0 0 0 0 0 0 0 0 0 0 0 0 0 0 0 0 0 0 0 0 0 0 0 0 0 0 0 0 0 0 0 0 0 0 0 0 0 0 0 0 0 0 0 0 0 0 0 0 0 0 0 0 0 0 0 0 0 0 0 0 0 0 0 0 0 0 0 0 0 0 0 0 0 0 0 0 0 0 0 0 0 0 0 0 0 0 0 0 0 0 0 0 0 0 0 0 0 0 0 0 0 0 0 0 0 0 0 0 0 0 0 0 0 0 0 0 0 0 0 0 0 0 0 0 0 0 0 0 0 0 0 0 0 0 0 0 0 0 0 0 0 0 0 0 0 0 0 0 0 0 0 0 0 0 0 0 0 0 0 0 0 0 0 0 0 0 0 0 0 0 0 0 0 0 0 0 0 0 0 0 0 0 0 0 0 0 0 0 0 0 0 0 0 0 0 0 0 0 0 0 0 0 0 0 0 0 0 0 0 0 0 0 0 0 0 0 0 0 0 0 0 0 0 0 0 0 0 0 0 0 0 0 0 0 0 0 0 0 0 0 0 0 0 0 0 0 0 0 0 0 0 0 0 0 0 0 0 0 0 0 0 0 0 0 0 0 0 0 0 0 0 0 0 0 0 0 0 0 0 0 0 0 0 0 0 0 0 0 0 0 0 0 0 0 0 0 0 0 0 0 0 0 0 0 0 0 0 0 0 0 0 0 0 0 0 0 0 0 0 0 0 0 0 0 0 0 0 0 0 0 0 0 0 0 0 0 0 0 0 0 0 0 0 0 0 0 0 0 0 0 0 0 0 0 0 0 0 0 0 0 0 0 0 0 0 0 0 0 0 0 0 0 0 0 0 0 0 0 0 0 0 0 0 0 0 0 0 0 0 0 0 0 0 0 0 0 0 0 0 0 0 0 0 0 0 0 0 0 0 0 0 0 0 0 0 0 0 0 0 0 0 0 0 0 0 0 0 0 0 0 0 0 0 0 0 0 0 0 0 0 0 0 0 0 0 0 0 0 0 0 0 0 0 0 0 0 0 0 0 0 0 0 0 0 0 0 0 0 0 0 0 0 0 0 0 0 0 0 0 0 0 0 0 0 0 0 0 0 0 0 0 0 0 0 0 0 0 0 0 0 0 0 0 0 0 0 0 0 0 0 0 0 0 0 0 0 0 0 0 0 0 0 0 0 0 0 0 0 0 0 0 0 0 0 0 0 0 0 0 0 0 0 0 0 0 0 0 0 0 0 0 0 0 0 0 0 0 0 0 0 0 0 0 0 0 0 0 0 0 0 0 0 0 0 0 0 0 0 0 0 0 0 0 0 0 0 0 0 0 0 0 0 0 0 0 0 0 0 0 0 0 0]
Set de resultado:
[0 0 0 0 0 0 0 0 0 0 0 0 0 0 0 0 0 1 1 1 1 1 1 1 1 1 1 1 1 1 1 1 1 1 1 1 1 2 2 2 2 2 2 2 2 2 2 2 2 2 2 2 2 2 2 2 2 2 2 2 2 3 3 3 3 3 3 3 3 3 3 3 3 3 3 3 3 3 3 4 4 4 4 4 4 4 4 4 4 4 4 4 4 4 4 4 4 5 5 5 5 5 5 5 5 5 5 5 5 5 6 6 6 6 6 6 6 6 6 6 6 6 6 6 6 6 6 6 6 7 7 7 7 7 7 7 7 7 7 7 7 7 7 7 7 7 7 7 7 8 8 8 8 8 8 8 8 8 8 8 8 8 8 8 8 8 8 8 8 8 9 9 9 9 9 9 9 9 9 9 9 9 9 9 9 9 9 9 9 9 10 10 10 10 10 10 10 10 10 10 10 10 10 10 10 11 11 11 11 11 11 11 11 11 11 11 11 11 11 11 11 11 11 11 11 12 12 12 12 12 12 12 12 12 12 12 12 12 12 12 12 12 12 12 12 12 12 12 12 13 13 13 13 13 13 13 13 13 13 13 13 13 13 14 14 14 14 14 14 14 14 14 14 14 14 14 14 14 14 14 14 14 14 14 14 14 14 14 15 15 15 15 15 15 15 15 15 15 15 15 15 15 15 16 16 16 16 16 16 16 16 16 16 16 16 16 16 16 16 16 17 17 17 17 17 17 17 17 17 17 17 17 17 17 17 17 17 17 17 18 18 18 18 18 18 18 18 18 18 18 18 18 18 18 18 18 18 18 18 19 19 19 19 19 19 19 19 19 19 19 19 19 19 20 20 20 20 20 20 20 20 20 20 20 20 20 20 20 20 20 20 20 20 21 21 21 21 21 21 21 21 21 21 21 21 21 21 21 21 21 21 21 22 22 22 22 22 22 22 22 22 22 22 22 22 22 22 22 22 22 22 22 22 22 22 22 23 23 23 23 23 23 23 23 23 23 23 23 23 23 23 23 23 23 23 23 23 24 24 24 24 24 24 24 24 24 24 24 24 24 24 24 24 24 24 24 24 24 24 25 25 25 25 25 25 25 25 25 25 25 25 25 25 25 25 25 26 26 26 26 26 26 26 26 26 26 26 26 26 27 27 27 27 27 27 27 27 27 27 27 27 27 27 27 27 27 27 27 27 27 27 27 27 28 28 28 28 28 28 28 28 28 28 28 28 28 28 28 28 28 28 28 28 28 28 29 29 29 29 29 29 29 29 29 29 29 29 29 29 29 29 29 29 29 29 29 30 30 30 30 30 30 30 30 30 30 30 30 30 30 30 30 30 30 30 30 30 30 30 30 30 31 31 31 31 31 31 31 31 31 31 31 31 31 31 31 31 31 31 32 32 32 32 32 32 32 32 32 32 32 32 32 32 32 32 32 32 32 32 32 32 32 32 32 32 32 33 33 33 33 33 33 33 33 33 33 33 33 33 33 33 33 33 34 34 34 34 34 34 34 34 34 34 34 34 34 34 34 34 34 34 35 35 35 35 35 35 35 35 35 35 35 35 35 35 35 35 35 35 35 36 36 36 36 36 36 36 36 36 36 36 36 36 36 36 36 36 36 36 36 36 36 36 37 37 37 37 37 37 37 37 37 37 37 37 37 37 37 37 37 38 38 38 38 38 38 38 38 38 38 38 38 38 38 38 38 38 39 39 39 39 39 39 39 39 39 39 39 39 39 39 39 39 39 39 39 39 40 40 40 40 40 40 40 40 40 40 40 40 40 40 40 40 40 40 40 40 40 40 41 41 41 41 41 41 41 41 41 41 41 41 41 41 41 42 42 42 42 42 42 42 42 42 42 42 42 42 42 42 42 42 43 43 43 43 43 43 43 43 43 43 43 43 43 43 43 43 43 43 43 43 43 43 44 44 44 44 44 44 44 44 44 44 44 44 44 44 44 45 45 45 45 45 45 45 45 45 45 45 45 45 45 45 45 46 46 46 46 46 46 46 46 46 46 46 46 46 46 46 47 47 47 47 47 47 47 47 47 47 47 47 47 47 47 48 48 48 48 48 48 48 48 48 48 48 48 48 48 49 49 49 49 49 49 49 49 49 49 49 49 49 50 50 50 50 50 50 50 50 50 50 50 50 50 50 50 50 50 50 50 50 51 51 51 51 51 51 51 51 51 51 51 51 51 51 51 51 51 51 51 51 51 52 52 52 52 52 52 52 52 52 52 52 52 52 52 52 52 52 52]

Experimento E: 
Set de entrada:
[0 0 0 0 0 0 0 0 0 0 0 0 0 0 0 0 0 0 0 0 0 0 0 0 0 0 0 0 0 0 0 0 0 0 0 0 0 0 0 0 0 0 0 0 0 0 0 0 0 0 0 0 0 0 0 0 0 0 0 0 0 0 0 0 0 0 0 0 0 0 0 0 0 0 0 0 0 0 0 0 0 0 0 0 0 0 0 0 0 0 0 0 0 0 0 0 0 0 0 0 0 0 0 0 0 0 0 0 0 0 0 0 0 0 0 0 0 0 0 0 0 0 0 0 0 0 0 0 0 0 0 0 0 0 0 0 0 0 0 0 0 0 0 0 0 0 0 0 0 0 0 0 0 0 0 0 0 0 0 0 0 0 0 0 0 0 0 0 0 0 0 0 0 0 0 0 0 0 0 0 0 0 0 0 0 0 0 0 0 0 0 0 0 0 0 0 0 0 0 0 0 0 0 0 0 0 0 0 0 0 0 0 0 0 0 0 0 0 0 0 0 0 0 0 0 0 0 0 0 0 0 0 0 0 0 0 0 0 0 0 0 0 0 0 0 0 0 0 0 0 0 0 0 0 0 0 0 0 0 0 0 0 0 0 0 0 0 0 0 0 0 0 0 0 0 0 0 0 0 0 0 0 0 0 0 0 0 0 0 0 0 0 0 0 0 0 0 0 0 0 0 0 0 0 0 0 0 0 0 0 0 0 0 0 0 0 0 0 0 0 0 0 0 0 0 0 0 0 0 0 0 0 0 0 0 0 0 0 0 0 0 0 0 0 0 0 0 0 0 0 0 0 0 0 0 0 0 0 0 0 0 0 0 0 0 0 0 0 0 0 0 0 0 0 0 0 0 0 0 0 0 0 0 0 0 0 0 0 0 0 0 0 0 0 0 0 0 0 0 0 0 0 0 0 0 0 0 0 0 0 0 0 0 0 0 0 0 0 0 0 0 0 0 0 0 0 0 0 0 0 0 0 0 0 0 0 0 0 0 0 0 0 0 0 0 0 0 0 0 0 0 0 0 0 0 0 0 0 0 0 0 0 0 0 0 0 0 0 0 0 0 0 0 0 0 0 0 0 0 0 0 0 0 0 0 0 0 0 0 0 0 0 0 0 0 0 0 0 0 0 0 0 0 0 0 0 0 0 0 0 0 0 0 0 0 0 0 0 0 0 0 0 0 0 0 0 0 0 0 0 0 0 0 0 0 0 0 0 0 0 0 0 0 0 0 0 0 0 0 0 0 0 0 0 0 0 0 0 0 0 0 0 0 0 0 0 0 0 0 0 0 0 0 0 0 0 0 0 0 0 0 0 0 0 0 0 0 0 0 0 0 0 0 0 0 0 0 0 0 0 0 0 0 0 0 0 0 0 0 0 0 0 0 0 0 0 0 0 0 0 0 0 0 0 0 0 0 0 0 0 0 0 0 0 0 0 0 0 0 0 0 0 0 0 0 0 0 0 0 0 0 0 0 0 0 0 0 0 0 0 0 0 0 0 0 0 0 0 0 0 0 0 0 0 0 0 0 0 0 0 0 0 0 0 0 0 0 0 0 0 0 0 0 0 0 0 0 0 0 0 0 0 0 0 0 0 0 0 0 0 0 0 0 0 0 0 0 0 0 0 0 0 0 0 0 0 0 0 0 0 0 0 0 0 0 0 0 0 0 0 0 0 0 0 0 0 0 0 0 0 0 0 0 0 0 0 0 0 0 0 0 0 0 0 0 0 0 0 0 0 0 0 0 0 0 0 0 0 0 0 0 0 0 0 0 0 0 0 0 0 0 0 0 0 0 0 0 0 0 0 0 0 0 0 0 0 0 0 0 0 0 0 0 0 0 0 0 0 0 0 0 0 0 0 0 0 0 0 0 0 0 0 0 0 0 0 0 0 0 0 0 0 0 0 0 0 0 0 0 0 0 0 0 0 0 0 0 0 0 0 0 0 0 0 0 0 0 0 0 0 0 0 0 0 0 0 0 0 0 0 0 0 0 0 0 0 0 0 0 0 0 0 0 0 0 0 0 0 0 0 0 0 0 0 0 0 0 0 0 0 0 0 0 0 0 0 0 0 0 0 0 0 0 0 0 0 0 0 0 0 0 0 0 0 0 0 0 0 0 0 0 0 0 0 0 0 0 0 0 0 0 0 0 0 0 0 0 0 0 0 0 0 0 0 0 0 0 0 0 0 0 0 0 0 0 0 0 0 0 0 0 0 0 0 0 0 0 0 0 0 0 0 0 0 0 0 0 0 0 0]
Set de resultado:
[0 0 0 0 0 0 0 0 0 0 0 0 0 0 0 0 0 1 1 1 1 1 1 1 1 1 1 1 1 1 1 1 1 1 1 1 1 2 2 2 2 2 2 2 2 2 2 2 2 2 2 2 2 2 2 2 2 2 2 2 2 3 3 3 3 3 3 3 3 3 3 3 3 3 3 3 3 3 3 4 4 4 4 4 4 4 4 4 4 4 4 4 4 4 4 4 4 5 5 5 5 5 5 5 5 5 5 5 5 5 6 6 6 6 6 6 6 6 6 6 6 6 6 6 6 6 6 6 6 7 7 7 7 7 7 7 7 7 7 7 7 7 7 7 7 7 7 7 7 8 8 8 8 8 8 8 8 8 8 8 8 8 8 8 8 8 8 8 8 8 9 9 9 9 9 9 9 9 9 9 9 9 9 9 9 9 9 9 9 9 10 10 10 10 10 10 10 10 10 10 10 10 10 10 10 11 11 11 11 11 11 11 11 11 11 11 11 11 11 11 11 11 11 11 11 12 12 12 12 12 12 12 12 12 12 12 12 12 12 12 12 12 12 12 12 12 12 12 12 13 13 13 13 13 13 13 13 13 13 13 13 13 13 14 14 14 14 14 14 14 14 14 14 14 14 14 14 14 14 14 14 14 14 14 14 14 14 14 15 15 15 15 15 15 15 15 15 15 15 15 15 15 15 16 16 16 16 16 16 16 16 16 16 16 16 16 16 16 16 16 17 17 17 17 17 17 17 17 17 17 17 17 17 17 17 17 17 17 17 18 18 18 18 18 18 18 18 18 18 18 18 18 18 18 18 18 18 18 18 19 19 19 19 19 19 19 19 19 19 19 19 19 19 20 20 20 20 20 20 20 20 20 20 20 20 20 20 20 20 20 20 20 20 21 21 21 21 21 21 21 21 21 21 21 21 21 21 21 21 21 21 21 22 22 22 22 22 22 22 22 22 22 22 22 22 22 22 22 22 22 22 22 22 22 22 22 23 23 23 23 23 23 23 23 23 23 23 23 23 23 23 23 23 23 23 23 23 24 24 24 24 24 24 24 24 24 24 24 24 24 24 24 24 24 24 24 24 24 24 25 25 25 25 25 25 25 25 25 25 25 25 25 25 25 25 25 26 26 26 26 26 26 26 26 26 26 26 26 26 27 27 27 27 27 27 27 27 27 27 27 27 27 27 27 27 27 27 27 27 27 27 27 27 28 28 28 28 28 28 28 28 28 28 28 28 28 28 28 28 28 28 28 28 28 28 29 29 29 29 29 29 29 29 29 29 29 29 29 29 29 29 29 29 29 29 29 30 30 30 30 30 30 30 30 30 30 30 30 30 30 30 30 30 30 30 30 30 30 30 30 30 31 31 31 31 31 31 31 31 31 31 31 31 31 31 31 31 31 31 32 32 32 32 32 32 32 32 32 32 32 32 32 32 32 32 32 32 32 32 32 32 32 32 32 32 32 33 33 33 33 33 33 33 33 33 33 33 33 33 33 33 33 33 34 34 34 34 34 34 34 34 34 34 34 34 34 34 34 34 34 34 35 35 35 35 35 35 35 35 35 35 35 35 35 35 35 35 35 35 35 36 36 36 36 36 36 36 36 36 36 36 36 36 36 36 36 36 36 36 36 36 36 36 37 37 37 37 37 37 37 37 37 37 37 37 37 37 37 37 37 38 38 38 38 38 38 38 38 38 38 38 38 38 38 38 38 38 39 39 39 39 39 39 39 39 39 39 39 39 39 39 39 39 39 39 39 39 40 40 40 40 40 40 40 40 40 40 40 40 40 40 40 40 40 40 40 40 40 40 41 41 41 41 41 41 41 41 41 41 41 41 41 41 41 42 42 42 42 42 42 42 42 42 42 42 42 42 42 42 42 42 43 43 43 43 43 43 43 43 43 43 43 43 43 43 43 43 43 43 43 43 43 43 44 44 44 44 44 44 44 44 44 44 44 44 44 44 44 45 45 45 45 45 45 45 45 45 45 45 45 45 45 45 45 46 46 46 46 46 46 46 46 46 46 46 46 46 46 46 47 47 47 47 47 47 47 47 47 47 47 47 47 47 47 48 48 48 48 48 48 48 48 48 48 48 48 48 48 49 49 49 49 49 49 49 49 49 49 49 49 49 50 50 50 50 50 50 50 50 50 50 50 50 50 50 50 50 50 50 50 50 51 51 51 51 51 51 51 51 51 51 51 51 51 51 51 51 51 51 51 51 51 52 52 52 52 52 52 52 52 52 52 52 52 52 52 52 52 52 52]

Experimento F: 
Set de entrada:
[22 14 32 39 34 13 41 39 49 40 18 32 31 44 14 1 50 4 12 16 36 47 29 7 6 31 14 44 15 7 37 4 42 30 9 29 2 11 0 11 52 39 12 39 16 25 43 43 36 39 42 6 4 11 7 32 28 30 27 17 0 7 32 12 28 12 39 19 23 28 12 36 2 38 6 12 20 6 38 51 3 2 0 49 25 28 19 23 31 29 21 24 4 41 8 20 14 28 16 9 44 45 24 8 24 37 19 19 5 40 14 6 42 37 30 39 46 26 31 48 34 28 34 50 42 22 3 28 0 10 27 52 12 9 2 52 27 36 13 45 9 21 9 14 28 0 7 29 14 43 43 20 37 27 28 4 46 3 32 17 20 26 4 42 33 7 14 24 30 35 7 52 47 2 4 22 48 35 37 19 35 7 2 45 40 7 22 30 31 37 27 25 6 8 34 32 1 24 26 49 33 34 20 25 51 2 33 11 34 51 14 9 3 5 14 36 9 6 35 3 35 18 22 33 45 24 11 22 22 41 38 40 2 33 14 51 36 36 28 19 20 14 44 52 24 22 26 8 12 5 29 10 20 18 51 41 31 40 41 12 43 39 50 12 5 32 8 5 40 17 4 27 6 49 21 42 45 39 38 33 15 4 23 36 24 52 46 49 51 22 18 2 11 3 9 37 8 12 21 31 25 51 52 35 26 12 32 32 13 37 50 24 18 3 36 43 9 33 41 38 37 38 48 45 32 20 21 9 11 11 15 38 10 32 47 43 12 47 9 22 34 1 28 49 40 2 30 16 47 14 17 46 23 20 6 35 0 18 33 0 14 10 9 11 14 13 23 32 51 10 39 12 2 18 40 21 43 1 24 23 51 48 12 1 43 36 36 25 21 35 45 25 36 9 22 18 52 13 18 40 37 45 16 2 23 16 52 46 46 0 37 49 36 29 41 9 29 52 13 15 42 52 23 50 39 8 16 44 3 47 47 48 4 8 46 11 44 33 11 37 49 52 31 3 40 29 36 17 15 34 43 5 10 50 35 41 42 7 29 51 41 28 42 3 43 24 23 1 12 50 23 9 18 51 25 29 25 10 31 6 1 50 20 48 31 14 47 13 45 6 23 24 45 9 37 11 29 6 0 44 33 48 35 34 21 50 38 36 29 44 7 14 21 32 50 38 52 31 6 38 14 5 17 31 30 43 13 0 15 22 11 34 1 12 47 25 24 49 32 9 14 25 2 22 7 48 27 28 20 29 18 29 17 4 30 4 34 24 8 8 35 4 41 24 22 29 6 50 27 48 45 35 18 6 31 30 46 30 38 18 41 46 30 1 20 3 24 30 19 24 37 16 21 20 18 14 43 27 18 22 30 28 39 42 3 40 26 38 32 46 15 27 9 10 42 26 23 2 18 37 23 5 32 24 7 36 48 4 11 44 49 13 52 27 33 15 7 40 21 27 52 9 45 17 30 8 1 51 45 1 31 10 8 39 27 32 27 18 25 47 32 8 8 38 2 26 46 22 45 21 50 35 38 44 22 7 51 25 13 42 48 0 25 17 12 20 3 21 13 34 2 37 0 25 20 10 5 25 40 48 49 2 45 43 24 7 52 50 19 42 44 14 51 33 19 43 50 1 51 29 52 16 32 27 2 23 32 35 8 24 34 2 34 36 21 51 10 42 29 40 40 40 3 39 1 32 32 50 1 1 46 37 38 32 43 17 23 40 44 26 30 23 47 28 38 17 16 6 30 5 6 30 8 4 15 30 23 31 26 23 39 35 22 45 5 14 20 7 44 4 3 51 33 22 41 35 23 17 11 48 16 40 17 20 29 21 27 2 26 30 20 30 43 16 17 0 44 30 50 50 12 2 15 23 36 21 35 8 27 51 40 3 2 3 47 10 50 19 39 27 29 29 33 3 28 50 46 42 30 46 27 40 33 19 27 14 39 20 48 15 12 32 35 11 22 19 24 0 18 36 51 18 32 28 27 10 32 31 41 50 16 28 4 30 1 36 39 39 8 19 42 41 16 13 30 19 8 1 1 43 39 0 10 43 35 27 40 36 17 12 36 5 36 44 34 20 22 34 17 11 11 18 2 14 1 47 6 27 47 17 31 33 7 51 22 15 4 26 34 9 21 12 12 13 22 26 11 10 43 51 29 2 14 17 49 21 5 28 1 16 33 52 8 23 28 15 34 40 7 25 28 16 6 46 7 21 8 42 22 0 11 15 41 27 17 16 43 47 43 28 30 24 0 15 38 13 49 32 12 31]
Set de resultado:
[22, [14, [13, [1, [0, [], []], [4, [2, [], [3, [], []]], [12, [7, [6, [5, [], []], []], [9, [8, [], []], [11, [10, [], []], []]]], []]]], []], [18, [16, [15, [], []], [17, [], []]], [19, [], [20, [], [21, [], []]]]]], [32, [31, [29, [25, [23, [], [24, [], []]], [28, [27, [26, [], []], []], []]], [30, [], []]], []], [39, [34, [33, [], []], [36, [35, [], []], [37, [], [38, [], []]]]], [41, [40, [], []], [49, [44, [42, [], [43, [], []]], [47, [45, [], [46, [], []]], [48, [], []]]], [50, [], [52, [51, [], []], []]]]]]]]

Comparaciones: 
[1 4 3 5 8 7 7 7 9 10 6 5 6 12 6 10 11 12 14 9 10 14 9 17 20 8 6 14 12 19 12 14 15 11 19 11 15 21 13 23 13 7 16 7 11 12 17 19 12 7 17 22 14 23 19 5 14 13 17 11 15 19 5 16 16 16 7 8 15 16 16 12 17 14 22 16 10 22 16 16 17 17 15 11 14 16 10 17 8 11 12 17 14 9 22 12 6 16 11 21 14 17 19 24 19 14 10 10 23 12 6 22 17 14 13 7 19 20 8 16 10 16 10 13 17 3 19 16 15 24 19 15 16 21 17 15 19 12 9 19 21 14 21 6 16 15 19 11 6 19 19 12 14 19 16 14 21 19 5 13 12 22 14 17 11 19 6 19 13 13 19 15 16 17 14 3 18 15 14 10 15 19 17 19 12 19 3 13 8 14 19 14 22 24 10 5 12 19 22 11 13 10 12 14 18 17 13 23 10 18 6 21 19 25 6 12 21 22 15 19 15 8 3 13 19 19 23 3 3 9 16 12 17 13 6 18 12 12 16 10 12 6 14 15 19 3 22 24 16 25 11 26 12 8 18 9 8 12 9 16 19 7 13 16 25 5 24 25 12 13 14 19 22 11 14 17 19 7 16 13 14 14 17 12 19 15 21 11 18 3 8 17 23 19 21 14 24 16 14 8 14 18 15 15 22 16 5 5 9 14 13 19 8 19 12 19 21 13 9 16 14 16 18 19 5 12 14 21 23 23 14 16 26 5 16 19 16 16 21 3 10 12 16 11 12 17 13 11 16 6 13 21 17 12 22 15 15 8 13 15 6 26 21 23 6 9 17 5 18 26 7 16 17 8 12 14 19 12 19 17 18 18 16 12 19 12 12 14 14 15 19 14 12 21 3 8 15 9 8 12 14 19 11 17 17 11 15 21 21 15 14 11 12 11 9 21 11 15 9 14 17 15 17 13 7 24 11 14 19 16 16 18 14 24 21 23 14 13 23 14 11 15 8 19 12 11 12 13 14 10 19 25 26 13 15 9 17 19 11 18 9 16 17 19 19 19 17 12 16 13 17 21 8 18 14 11 14 26 8 22 12 13 12 18 8 6 16 9 19 22 17 19 19 21 14 23 11 22 15 14 13 18 15 10 14 13 16 12 11 14 19 6 14 5 13 16 15 8 22 16 6 25 13 8 13 19 9 15 14 3 23 10 12 16 16 14 19 11 5 21 6 14 17 3 19 18 19 16 12 11 8 11 13 14 13 14 10 19 24 24 15 14 9 19 3 11 22 13 19 18 19 15 8 22 8 13 21 13 16 8 9 21 13 12 12 19 19 13 10 19 14 11 14 12 8 6 19 19 8 3 13 16 7 17 19 12 22 16 5 21 14 19 21 26 17 22 17 17 8 14 17 25 5 19 19 12 18 14 23 14 11 9 15 19 13 14 19 12 14 19 15 21 19 13 13 24 12 18 19 12 8 26 24 7 19 5 19 8 14 16 5 24 24 16 17 22 21 3 19 14 13 15 16 14 3 19 18 14 9 17 18 15 14 13 16 12 19 14 9 10 17 14 15 14 12 26 25 14 12 18 11 17 19 19 19 19 15 13 10 17 14 6 18 13 10 19 13 12 18 11 15 11 5 19 17 17 5 15 24 19 10 17 10 12 14 18 26 17 11 12 12 12 19 7 12 5 5 13 12 12 21 14 16 5 19 13 17 12 14 22 13 17 16 16 16 13 11 22 13 25 22 13 24 14 14 13 17 8 22 17 7 15 3 19 25 6 12 19 14 14 19 18 13 3 9 15 17 13 23 18 11 12 13 12 11 14 19 17 22 13 12 13 19 11 13 15 14 13 13 13 16 17 14 17 12 14 15 24 19 18 12 19 17 19 16 26 13 10 7 19 11 11 13 19 16 13 21 17 13 21 19 12 13 10 19 6 7 12 18 14 16 5 15 23 3 10 19 15 8 12 18 8 5 16 19 26 5 8 9 13 11 16 14 13 12 12 7 7 24 10 17 9 11 9 13 10 24 12 12 19 7 15 26 19 15 19 12 12 13 16 12 25 12 14 10 12 3 10 13 23 23 8 17 6 12 16 22 19 16 13 8 13 19 18 3 14 14 22 10 21 14 16 16 9 3 22 23 26 19 18 11 17 6 13 11 14 25 16 12 11 13 15 24 17 16 14 10 12 19 14 16 11 22 21 19 14 24 17 3 15 23 14 9 19 13 11 19 16 19 16 13 19 15 14 16 9 11 5 16 8]

Experimento G: 
Set de resultado:
[31, [15, [7, [3, [1, [0, [], []], [2, [], []]], [5, [4, [], []], [6, [], []]]], [11, [9, [8, [], []], [10, [], []]], [13, [12, [], []], [14, [], []]]]], [23, [19, [17, [16, [], []], [18, [], []]], [21, [20, [], []], [22, [], []]]], [27, [25, [24, [], []], [26, [], []]], [29, [28, [], []], [30, [], []]]]]], [47, [39, [35, [33, [32, [], []], [34, [], []]], [37, [36, [], []], [38, [], []]]], [43, [41, [40, [], []], [42, [], []]], [45, [44, [], []], [46, [], []]]]], [51, [49, [48, [], []], [50, [], []]], [52, [], []]]]]

Experimento I: Semilla = 17 
[TS] Set X:
[51 24 31 4 34 12 20 44 11 7 38 17 0 19 9 37 27 45 30 8 46 42 40 23 10 28 21 36 18 13 26 16 35 5 52 25 48 15 22 50 32 1 39 49 47 6 3 2 33 14 29 41 43]

[TS] Set Y:
[1656 3402 576 3438 3366 3492 3420 3330 2328 1710 3312 2850 3474 2304 2895 2790 2244 2760 3330 3366 3330 3330 3294 1683 3438 3474 2850 3384 3402 2880 3420 3456 2208 2865 2232 2850 2790 1152 3402 2775 3348 2820 1674 2256 1128 3438 2280 3402 2880 3456 2880 2805 2232]

[TOS] Set X:
[29 27 28 2 5 49 40 30 0 46 7 25 37 11 48 20 14 38 44 47 42 18 8 51 9 45 12 3 6 43 50 33 4 13 34 17 15 23 36 19 1 52 21 32 10 39 22 41 16 24 26 35 31]

[TOS] Set Y:
[7680 13090 13124 10584 17954 3008 3294 9620 11580 17760 7980 12160 8928 11252 18600 15200 768 14352 4440 7144 9250 3780 16830 15088 10422 16928 6208 15960 8404 12276 5180 19968 5730 2304 1870 13680 8832 14212 6768 14208 4888 11532 16340 1116 19482 1488 378 2618 6528 16632 18620 19504 4224]

[TOQ] Set X:
[4 6 52 16 26 46 25 2 12 24 37 18 41 7 28 23 8 47 15 32 5 0 44 13 29 34 14 9 35 3 39 38 45 27 50 36 21 30 11 48 20 43 51 31 33 1 49 17 10 22 40 19 42]

[TOQ] Set Y:
[4202 4202 4092 4224 4180 4070 4180 4158 4268 4158 4092 4158 4114 4180 4246 4114 4114 4136 4224 4092 4202 3860 4070 4224 4224 4114 4224 4246 4048 4180 4092 4048 4048 4114 4070 4136 4180 4070 4268 4092 4180 4092 4048 4224 4224 4136 4136 4180 4202 4158 4026 4224 4070]

[ABB] Set X:
[26 41 13 21 12 47 42 31 39 49 52 45 11 29 2 30 51 44 10 28 22 48 34 43 50 36 3 19 38 16 40 6 7 27 23 35 32 18 0 15 8 33 17 24 5 37 25 20 46 14 4 1 9]

[ABB] Set Y:
[4180 4114 4224 4180 4268 4136 4070 4224 4092 4136 4092 4048 4268 4224 4158 4070 4048 4070 4202 4246 4158 4092 4114 4092 4070 4136 4180 4224 4048 4224 4026 4202 4180 4114 4114 4048 4092 4158 3860 4224 4114 4224 4180 4158 4202 4092 4180 4180 4070 4224 4202 4136 4246]

[ABBDSW] Set X:
[14 13 34 21 10 38 23 39 5 6 9 26 22 33 42 25 2 47 40 36 3 17 12 15 32 37 48 16 52 20 28 18 43 24 8 1 0 50 19 7 49 29 30 45 27 51 46 31 41 11 44 4 35]

[ABBDSW] Set Y:
[1152 1728 2244 3420 5730 3864 3366 1674 5157 4584 4632 4560 567 2880 3885 2850 3402 3948 2745 2820 3990 2850 3492 2880 1116 3348 4464 2304 3906 2850 3474 1701 4464 3969 5049 2256 2895 3330 2304 3990 2820 2304 2775 4416 3927 4416 4995 1728 2244 5238 3330 2865 3312]


